0.0 3.0 1.0
Linear 21 explicit
0.0  0.0 0.0 1.25 -0.05 0.0 1.2 0.05 0.0 1.2 -0.1 0.0 0.5 0.1 0.0 0.5 -0.1 0.0 0.4 0.1 0.0 0.4
0.02  -0.020416993400783387 0.0 1.2496792642377257 -0.06882178346516354 0.0 1.1981333982655324 0.03112887257140961 0.0 1.2012744741733454 -0.1 0.0 0.5 0.1 0.0 0.5 -0.1 0.0 0.4 0.1 0.0 0.4
0.04  -0.040813837694053695 0.0 1.2487173734783765 -0.08757564813900161 0.0 1.1956765110804972 0.012227024703825556 0.0 1.2019555630334287 -0.1 0.0 0.5 0.1 0.0 0.5 -0.1 0.0 0.4 0.1 0.0 0.4
0.06  -0.0611704036570343 0.0 1.247115276992002 -0.10624308622126258 0.0 1.1926317630959222 -0.0066868897609545785 0.0 1.2020425944277737 -0.1 0.0 0.5 0.1 0.0 0.5 -0.1 0.0 0.4 0.1 0.0 0.4
0.08  -0.08146660181679778 0.0 1.2448745558544108 -0.12480567520430645 0.0 1.1890021591104716 -0.025594205072858665 0.0 1.201535482466902 -0.1 0.0 0.5 0.1 0.0 0.5 -0.1 0.0 0.4 0.1 0.0 0.4
0.1  -0.10168240227615008 0.0 1.2419974213868397 -0.1432450960538954 0.0 1.1847912811050711 -0.04447626199438163 0.0 1.2004347276090943 -0.1 0.0 0.5 0.1 0.0 0.5 -0.1 0.0 0.4 0.1 0.0 0.4
0.12  -0.12179785448072097 0.0 1.2384867129736477 -0.16154315128786917 0.0 1.180003284707927 -0.0633144262150003 0.0 1.1987414161664995 -0.1 0.0 0.5 0.1 0.0 0.5 -0.1 0.0 0.4 0.1 0.0 0.4
0.14  -0.14179310690775265 0.0 1.2343458952601858 -0.1796817829348629 0.0 1.1746428950934213 -0.08209010674098813 0.0 1.1964572192330756 -0.1 0.0 0.5 0.1 0.0 0.5 -0.1 0.0 0.4 0.1 0.0 0.4
0.16  -0.16164842665715562 0.0 1.2295790547336103 -0.19764309035534441 0.0 1.168715402318936 -0.1007847742424813 0.0 1.1935843910354214 -0.1 0.0 0.5 0.1 0.0 0.5 -0.1 0.0 0.4 0.1 0.0 0.4
0.18  -0.18134421892549904 0.0 1.224190895690013 -0.21540934790738472 0.0 1.1622266561042043 -0.11937997933969041 0.0 1.190125766708127 -0.1 0.0 0.5 0.1 0.0 0.5 -0.1 0.0 0.4 0.1 0.0 0.4
0.2  -0.20086104634371582 0.0 1.2181867355918499 -0.2329630224397261 0.0 1.1551830600583446 -0.13785737081021074 0.0 1.1860847594958395 -0.1 0.0 0.5 0.1 0.0 0.5 -0.1 0.0 0.4 0.1 0.0 0.4
0.22  -0.22017964815943938 0.0 1.2115724998202466 -0.25028679059488607 0.0 1.1475915653602706 -0.15619871369946353 0.0 1.1814653573847997 -0.1 0.0 0.5 0.1 0.0 0.5 -0.1 0.0 0.4 0.1 0.0 0.4
0.24  -0.23928095924504067 0.0 1.2043547158273635 -0.2673635559052193 0.0 1.139459663898717 -0.1743859073163942 0.0 1.1762721191671845 -0.1 0.0 0.5 0.1 0.0 0.5 -0.1 0.0 0.4 0.1 0.0 0.4
0.26  -0.2581461289126074 0.0 1.1965405066945878 -0.28417646566506743 0.0 1.1307953808786495 -0.1924010030966693 0.0 1.1705101699421276 -0.1 0.0 0.5 0.1 0.0 0.5 -0.1 0.0 0.4 0.1 0.0 0.4
0.28  -0.2767565395172973 0.0 1.1881375841029127 -0.3007089275623446 0.0 1.121607266901358 -0.21022622231574264 0.0 1.1641851960578653 -0.1 0.0 0.5 0.1 0.0 0.5 -0.1 0.0 0.4 0.1 0.0 0.4
0.3  -0.29509382483070545 0.0 1.1791542407224394 -0.31694462605314644 0.0 1.1119043895260434 -0.22784397363430967 0.0 1.1573034394999981 -0.1 0.0 0.5 0.1 0.0 0.5 -0.1 0.0 0.4 0.1 0.0 0.4
0.32  -0.31313988816611493 0.0 1.1695993420285113 -0.3328675384632223 0.0 1.1016963243212323 -0.24523687045883596 0.0 1.1498716917314038 -0.1 0.0 0.5 0.1 0.0 0.5 -0.1 0.0 0.4 0.1 0.0 0.4
0.34  -0.3308769202377413 0.0 1.1594823175525635 -0.34846195080041986 0.0 1.0909931454148476 -0.2623877481000255 0.0 1.1418972869898847 -0.1 0.0 0.5 0.1 0.0 0.5 -0.1 0.0 0.4 0.1 0.0 0.4
0.36  -0.3482874167363479 0.0 1.1488131515763098 -0.3637124732624988 0.0 1.0798054155522592 -0.2792796807122973 0.0 1.133388095050159 -0.1 0.0 0.5 0.1 0.0 0.5 -0.1 0.0 0.4 0.1 0.0 0.4
0.38  -0.36535419560388493 0.0 1.1376023732784653 -0.37860405542500647 0.0 1.0681441756721306 -0.2958959979975503 0.0 1.1243525134573435 -0.1 0.0 0.5 0.1 0.0 0.5 -0.1 0.0 0.4 0.1 0.0 0.4
0.4  -0.3820604139901076 0.0 1.1258610463437158 -0.39312200109423123 0.0 1.0560209340103448 -0.31222030165673653 0.0 1.114799459239592 -0.1 0.0 0.5 0.1 0.0 0.5 -0.1 0.0 0.4 0.1 0.0 0.4
0.42  -0.39838958487443465 0.0 1.113600758044199 -0.4072519828105704 0.0 1.0434476547427656 -0.32823648157300134 0.0 1.1047383601080631 -0.1 0.0 0.5 0.1 0.0 0.5 -0.1 0.0 0.4 0.1 0.0 0.4
0.44  -0.41432559333664837 0.0 1.1008336078042629 -0.4209800559880033 0.0 1.0304367461780388 -0.3439287317104244 0.0 1.094179145152908 -0.1 0.0 0.5 0.1 0.0 0.5 -0.1 0.0 0.4 0.1 0.0 0.4
0.46  -0.4298527124603737 0.0 1.0875721952597988 -0.43429267267571403 0.0 1.017001048512093 -0.3592815657126681 0.0 1.0831322350444583 -0.1 0.0 0.5 0.1 0.0 0.5 -0.1 0.0 0.4 0.1 0.0 0.4
0.48  -0.44495561885364765 0.0 1.0738296078239173 -0.4471766949282837 0.0 1.0031538211564124 -0.3742798321861426 0.0 1.0716085317492814 -0.1 0.0 0.5 0.1 0.0 0.5 -0.1 0.0 0.4 0.1 0.0 0.4
0.5  -0.4596194077712559 0.0 1.059619407771256 -0.4596194077712559 0.0 0.9889087296526012 -0.38890872965260104 0.0 1.059619407771256 -0.1 0.0 0.5 0.1 0.0 0.5 -0.1 0.0 0.4 0.1 0.0 0.4
0.52  -0.42985271246037365 0.0 1.0875721952597988 -0.43429267267571403 0.0 1.017001048512093 -0.35928156571266806 0.0 1.0831322350444583 -0.1 0.0 0.5 0.1 0.0 0.5 -0.1 0.0 0.4 0.1 0.0 0.4
0.54  -0.39838958487443465 0.0 1.113600758044199 -0.40725198281057035 0.0 1.0434476547427654 -0.3282364815730013 0.0 1.1047383601080631 -0.1 0.0 0.5 0.1 0.0 0.5 -0.1 0.0 0.4 0.1 0.0 0.4
0.56  -0.36535419560388493 0.0 1.1376023732784653 -0.3786040554250064 0.0 1.0681441756721304 -0.2958959979975503 0.0 1.1243525134573435 -0.1 0.0 0.5 0.1 0.0 0.5 -0.1 0.0 0.4 0.1 0.0 0.4
0.58  -0.3308769202377415 0.0 1.1594823175525633 -0.3484619508004201 0.0 1.0909931454148474 -0.26238774810002574 0.0 1.1418972869898845 -0.1 0.0 0.5 0.1 0.0 0.5 -0.1 0.0 0.4 0.1 0.0 0.4
0.6  -0.29509382483070545 0.0 1.1791542407224394 -0.31694462605314644 0.0 1.1119043895260434 -0.22784397363430967 0.0 1.1573034394999981 -0.1 0.0 0.5 0.1 0.0 0.5 -0.1 0.0 0.4 0.1 0.0 0.4
0.62  -0.25814612891260746 0.0 1.1965405066945878 -0.2841764656650675 0.0 1.1307953808786495 -0.19240100309666938 0.0 1.1705101699421276 -0.1 0.0 0.5 0.1 0.0 0.5 -0.1 0.0 0.4 0.1 0.0 0.4
0.64  -0.22017964815943936 0.0 1.2115724998202466 -0.25028679059488607 0.0 1.1475915653602708 -0.1561987136994635 0.0 1.1814653573848 -0.1 0.0 0.5 0.1 0.0 0.5 -0.1 0.0 0.4 0.1 0.0 0.4
0.66  -0.181344218925499 0.0 1.224190895690013 -0.2154093479073847 0.0 1.1622266561042043 -0.1193799793396904 0.0 1.1901257667081273 -0.1 0.0 0.5 0.1 0.0 0.5 -0.1 0.0 0.4 0.1 0.0 0.4
0.68  -0.14179310690775263 0.0 1.2343458952601858 -0.17968178293486287 0.0 1.1746428950934211 -0.0820901067409881 0.0 1.1964572192330754 -0.1 0.0 0.5 0.1 0.0 0.5 -0.1 0.0 0.4 0.1 0.0 0.4
0.7  -0.10168240227615016 0.0 1.2419974213868394 -0.1432450960538955 0.0 1.184791281105071 -0.04447626199438172 0.0 1.200434727609094 -0.1 0.0 0.5 0.1 0.0 0.5 -0.1 0.0 0.4 0.1 0.0 0.4
0.72  -0.06117040365703438 0.0 1.2471152769920022 -0.10624308622126266 0.0 1.1926317630959224 -0.006686889760954655 0.0 1.2020425944277737 -0.1 0.0 0.5 0.1 0.0 0.5 -0.1 0.0 0.4 0.1 0.0 0.4
0.74  -0.020416993400783436 0.0 1.2496792642377255 -0.0688217834651636 0.0 1.1981333982655324 0.03112887257140956 0.0 1.2012744741733452 -0.1 0.0 0.5 0.1 0.0 0.5 -0.1 0.0 0.4 0.1 0.0 0.4
0.76  0.020416993400783436 0.0 1.2496792642377255 -0.03112887257140956 0.0 1.2012744741733452 0.0688217834651636 0.0 1.1981333982655324 -0.1 0.0 0.5 0.1 0.0 0.5 -0.1 0.0 0.4 0.1 0.0 0.4
0.78  0.06117040365703437 0.0 1.2471152769920022 0.006686889760954648 0.0 1.2020425944277737 0.10624308622126265 0.0 1.1926317630959224 -0.1 0.0 0.5 0.1 0.0 0.5 -0.1 0.0 0.4 0.1 0.0 0.4
0.8  0.10168240227615018 0.0 1.2419974213868397 0.04447626199438173 0.0 1.2004347276090943 0.14324509605389552 0.0 1.1847912811050711 -0.1 0.0 0.5 0.1 0.0 0.5 -0.1 0.0 0.4 0.1 0.0 0.4
0.82  0.1417931069077526 0.0 1.2343458952601858 0.0820901067409881 0.0 1.1964572192330756 0.17968178293486284 0.0 1.1746428950934213 -0.1 0.0 0.5 0.1 0.0 0.5 -0.1 0.0 0.4 0.1 0.0 0.4
0.84  0.181344218925499 0.0 1.224190895690013 0.11937997933969037 0.0 1.190125766708127 0.21540934790738467 0.0 1.1622266561042043 -0.1 0.0 0.5 0.1 0.0 0.5 -0.1 0.0 0.4 0.1 0.0 0.4
0.86  0.2201796481594393 0.0 1.2115724998202466 0.15619871369946342 0.0 1.1814653573847997 0.250286790594886 0.0 1.1475915653602708 -0.1 0.0 0.5 0.1 0.0 0.5 -0.1 0.0 0.4 0.1 0.0 0.4
0.88  0.25814612891260746 0.0 1.1965405066945878 0.19240100309666938 0.0 1.1705101699421276 0.2841764656650675 0.0 1.1307953808786495 -0.1 0.0 0.5 0.1 0.0 0.5 -0.1 0.0 0.4 0.1 0.0 0.4
0.9  0.2950938248307054 0.0 1.1791542407224391 0.22784397363430964 0.0 1.157303439499998 0.31694462605314644 0.0 1.1119043895260434 -0.1 0.0 0.5 0.1 0.0 0.5 -0.1 0.0 0.4 0.1 0.0 0.4
0.92  0.3308769202377414 0.0 1.1594823175525633 0.26238774810002563 0.0 1.1418972869898845 0.34846195080042 0.0 1.0909931454148474 -0.1 0.0 0.5 0.1 0.0 0.5 -0.1 0.0 0.4 0.1 0.0 0.4
0.94  0.36535419560388477 0.0 1.1376023732784653 0.2958959979975501 0.0 1.1243525134573435 0.3786040554250063 0.0 1.0681441756721304 -0.1 0.0 0.5 0.1 0.0 0.5 -0.1 0.0 0.4 0.1 0.0 0.4
0.96  0.39838958487443465 0.0 1.1136007580441987 0.3282364815730013 0.0 1.104738360108063 0.40725198281057035 0.0 1.0434476547427654 -0.1 0.0 0.5 0.1 0.0 0.5 -0.1 0.0 0.4 0.1 0.0 0.4
0.98  0.4298527124603737 0.0 1.0875721952597988 0.3592815657126681 0.0 1.0831322350444583 0.4342926726757141 0.0 1.017001048512093 -0.1 0.0 0.5 0.1 0.0 0.5 -0.1 0.0 0.4 0.1 0.0 0.4
1.0  0.4596194077712558 0.0 1.059619407771256 0.38890872965260104 0.0 1.059619407771256 0.4596194077712558 0.0 0.9889087296526011 -0.1 0.0 0.5 0.1 0.0 0.5 -0.1 0.0 0.4 0.1 0.0 0.4
1.02  0.4617677081720968 0.0 1.0667080730350689 0.3910657534543216 0.0 1.0655973979765252 0.4628783832306405 0.0 0.9960061183172937 -0.09213400459225571 0.0 0.5015090479720123 0.10784132190407641 0.0 0.4983675845096482 -0.09370473632343779 0.0 0.4015213847238463 0.10627059017289434 0.0 0.39837992126148214
1.04  0.4638020743005246 0.0 1.0735335440433567 0.3931262876330196 0.0 1.0713124679687205 0.46602315037516073 0.0 1.0028577573758515 -0.084245276497509 0.0 0.5028943560906787 0.11565603557563732 0.0 0.496612204275053 -0.08738635240532183 0.0 0.4029437000541055 0.11251495966782449 0.0 0.3966615482384798
1.06  0.4657220042071383 0.0 1.0800941367132784 0.3950898237827191 0.0 1.0767632076398366 0.46905293328058006 0.0 1.0094619562888592 -0.07633576214137565 0.0 0.5041555825519493 0.12344221285101838 0.0 0.49473429241002076 -0.08104640721233992 0.0 0.4042665950557523 0.1187315677800541 0.0 0.39484530491382375
1.08  0.4675270241779617 0.0 1.0863882323167615 0.3969558774302561 0.0 1.081948272101421 0.4719669843933021 0.0 1.015817085569056 -0.06840741307817044 0.0 0.5052924161670671 0.13119793260748389 0.0 0.4927343122612044 -0.0746864650311018 0.0 0.4054897433242399 0.12491888065455253 0.0 0.3929316394183773
1.1  0.4692166888513263 0.0 1.092414277879897 0.3987239881548156 0.0 1.0868663820164046 0.47476458471481864 0.0 1.0219215771833863 -0.06046218550939031 0.0 0.5063045764393485 0.1389212812372353 0.0 0.4906127572937795 -0.06830809508217481 0.0 0.40661284306603573 0.1310753716644508 0.0 0.3909210239204667
1.12  0.4707905813277569 0.0 1.098170786566111 0.4003937197015329 0.0 1.091516323914756 0.4774450439791119 0.0 1.0277739249398872 -0.052502039801050795 0.0 0.5071918136333915 0.14661035311956522 0.0 0.48837015096968855 -0.06191287113290224 0.0 0.4076356171730835 0.13719952178771377 0.0 0.3888139545093806
1.14  0.4722483132728355 0.0 1.1036563380430222 0.40196466008913373 0.0 1.095896950492891 0.48000770082296673 0.0 1.0333726848593203 -0.04452893999999538 0.0 0.5079539088366944 0.15426325109104058 0.0 0.48600704661848537 -0.055502371109099904 0.0 0.40855781329117646 0.14328981998193607 0.0 0.38661095107296745
1.16  0.4735895250130173 0.0 1.1088695788328855 0.4034364217115839 0.0 1.1000071808967498 0.48245192294915296 0.0 1.038716475531452 -0.03654485334929568 0.0 0.5085906740136694 0.1618780869135999 0.0 0.4835240273008085 -0.049078176705726104 0.0 0.4093792038822216 0.14934476355716947 0.0 0.38431255716936075
1.18  0.47481388562437427 0.0 1.1138092226465433 0.4048086414337255 0.0 1.103846000988483 0.48477710728243456 0.0 1.0438039784558946 -0.02855174980286443 0.0 0.509101952052037 0.1694529817404471 0.0 0.48092170566452047 -0.0426418729966227 0.0 0.4100995862803813 0.15536285854668883 0.0 0.38191933989286475
1.2  0.47592109301424607 0.0 1.1184740507007986 0.406080980680875 0.0 1.107412463596675 0.48698268011836976 0.0 1.0486339383674275 -0.020551601539398348 0.0 0.5094876168015919 0.17698606657962923 0.0 0.47820072379354583 -0.03619504804342144 0.0 0.41071878274207824 0.16134262007560612 0.0 0.379431889734032
1.22  0.4769108739957768 0.0 1.1228629120191296 0.4072531255223617 0.0 1.1107056887500422 0.489068097264864 0.0 1.0532051635457145 -0.012546382475772666 0.0 0.509747573105328 0.18447548275518216 0.0 0.47536175304944606 -0.029739292503713613 0.0 0.4112366404898506 0.16728257272724117 0.0 0.37685082043396867
1.24  0.4777829843553197 0.0 1.1269747237156786 0.40832478674898504 0.0 1.113724863894557 0.4910328441764412 0.0 1.057516526109344 -0.004538067780006566 0.0 0.5098817568229169 0.1919193823657312 0.0 0.47240549390577197 -0.02327619923857903 0.0 0.4116530317500481 0.17318125090715875 0.0 0.37417676883290313
1.26  0.47853720891269313 0.0 1.1308084712624353 0.409295699944373 0.0 1.1164692440939283 0.4928764360812 0.0 1.061566962294115 0.003471366616079649 0.0 0.5098901348465341 0.1993159287404328 0.0 0.46933267577523163 -0.016807362919571592 0.0 0.41196785378435763 0.17903719920478156 0.0 0.3714103947130551
1.28  0.47917336157427326 0.0 1.1343632087395583 0.4101656255502226 0.0 1.1189381522134074 0.49459841810042415 0.0 1.0653554727155077 0.011479944504396516 0.0 0.509772705109028 0.20666329689214602 0.0 0.4661440568297195 -0.010334379635257726 0.0 0.4121810289151533 0.1848489727524918 0.0 0.3685523806358448
1.3  0.47969128537891004 0.0 1.137638059068766 0.4109343489254079 0.0 1.1211309790868587 0.4961983653608172 0.0 1.068881122615264 0.019485689888185054 0.0 0.5095294965844288 0.21395967396772037 0.0 0.4628404238132478 -0.003858846497405477 0.0 0.41229250454466126 0.19061513758212983 0.0 0.36560343177348015
1.32  0.4800908525366543 0.0 1.140632214229742 0.4116016803989385 0.0 1.1230471836670635 0.49767588309933286 0.0 1.0721430420920262 0.027486627469564304 0.0 0.509160569280801 0.22120325969529053 0.0 0.4594225918478301 0.002617638753078827 0.0 0.41230225316793795 0.19633427097880504 0.0 0.36256427573496697
1.34  0.4803719644602886 0.0 1.143344935459503 0.4121674553167587 0.0 1.1246862931592139 0.49903060676057787 0.0 1.0751404263159732 0.035480783136906655 0.0 0.5086660142254362 0.2283922668284663 0.0 0.4558914042323617 0.009093478140369371 0.0 0.41221027237965646 0.202004961831929 0.0 0.35943566238658187
1.36  0.48053455178965254 0.0 1.1457755534346772 0.4126315340823736 0.0 1.1260479031375699 0.50026220208676 0.0 1.0778725357273982 0.04346618445192036 0.0 0.5080459534423944 0.23552492158730898 0.0 0.4522477322345486 0.015567073847997437 0.0 0.41201658487470016 0.20762581098338606 0.0 0.35621836366685433
1.38  0.48057857440875523 0.0 1.1479234684366486 0.4129938021912919 0.0 1.1271316776452427 0.5013703652001612 0.0 1.0803386962191852 0.05144086113631894 0.0 0.5073005399223954 0.24259946409598498 0.0 0.4484924748759346 0.022036828613088547 0.0 0.4117212384425624 0.21319543157275456 0.0 0.3529131733961016
1.4  0.48050402145567395 0.0 1.1497881504995315 0.41325417025927813 0.0 1.1279373492770903 0.5023548226781149 0.0 1.0825382993031356 0.05940284555795831 0.0 0.5064299575850716 0.24961414881698907 0.0 0.44462655871008216 0.028501146120463575 0.0 0.41132430595555625 0.2187124493794943 0.0 0.3495209070805668
1.42  0.4803109113252345 0.0 1.1513691395409273 0.4134125740444079 0.0 1.1284647192456922 0.5032153316204695 0.0 1.0844708022601006 0.06735017321632018 0.0 0.5054344212335876 0.25656724498182926 0.0 0.4406509375939577 0.03495843139650524 0.0 0.4108258853508331 0.22417550316201432 0.0 0.3460424017112032
1.44  0.47999929166447186 0.0 1.152666045475448 0.41346897446291725 0.0 1.1287136574304006 0.5039516797095192 0.0 1.0861357282738933 0.07528088322722307 0.0 0.5043141765016419 0.2634570370180682 0.0 0.4365665924525836 0.04140709120269395 0.0 0.4102260996062193 0.2295832449935391 0.0 0.3424785155571611
1.46  0.47956923936087503 0.0 1.15367854831096 0.4134233575988473 0.0 1.128684102409443 0.5045636852623918 0.0 1.087532666548932 0.08319301880664183 0.0 0.5030694997928593 0.27028182497261527 0.0 0.43237453103700785 0.04784553442871612 0.0 0.4095250967098726 0.2349343405946896 0.0 0.3388301279540212
1.48  0.479020860523414 0.0 1.1544063982275385 0.4132757347074759 0.0 1.1283760614750786 0.505051197275874 0.0 1.0886612724116005 0.09108462775351377 0.0 0.5017006982125934 0.2770399249311641 0.0 0.4280757876756579 0.05427217248504599 0.0 0.4087230496237683 0.2402274696626963 0.0 0.3350981390868328
1.5  0.4783542904563621 0.0 1.1548494156391085 0.4130261422125432 0.0 1.1277896106317986 0.5054140954636719 0.0 1.0895212673952896 0.0989537629314162 0.0 0.5002081094921523 0.28372966943367356 0.0 0.4236714230191344 0.06068541969490724 0.0 0.40782015624102375 0.2454613261971646 0.0 0.33128346976800577
1.52  0.47756969362590895 0.0 1.1550074912377521 0.41267464169726253 0.0 1.1269248945775736 0.5056522902860876 0.0 1.0901124393091057 0.10679848274899219 0.0 0.49859210190546865 0.29034940788578845 0.0 0.41916252377851254 0.06708369368551415 0.0 0.4068166393370706 0.2506346188223104 0.0 0.32738706121011446
1.54  0.47666726361958245 0.0 1.154880586020681 0.4122213198891262 0.0 1.1257821266681505 0.5057657229721129 0.0 1.0904346422902247 0.11461685163900986 0.0 0.49685307417823354 0.29689750696609896 0.0 0.4145502024572118 0.073465415778499 0.0 0.405712746514689 0.25574607110558806 0.0 0.3234098747936673
1.56  0.47564722309848306 0.0 1.1544687312998583 0.41166628863850724 0.0 1.1243615888644114 0.5057543655339298 0.0 1.0904877968398823 0.12240694053593443 0.0 0.494991455389517 0.30337235102913834 0.0 0.40983559707650247 0.07982901137942716 0.0 0.4045087501429151 0.2607944218726311 0.0 0.3193528918299005
1.58  0.4745098237423462 0.0 1.1537720286942739 0.41100968489106143 0.0 1.122663631662804 0.505618220773816 0.0 1.090271889842989 0.13016682735189603 0.0 0.49300770486589934 0.3097723425040192 0.0 0.4050198708947163 0.0861729103663045 0.0 0.4032049472898378 0.2657784255184277 0.0 0.31521711331865476
1.6  0.4732553461874438 0.0 1.1527906501048708 0.41025167065393875 0.0 1.1206886740088604 0.5053573222834542 0.0 1.0897869745713655 0.13789459745093663 0.0 0.4909023120681387 0.31609590228861023 0.0 0.4001042121202293 0.09249554747698194 0.0 0.4018016596493019 0.27069685231465557 0.0 0.31100355970139254
1.62  0.4718840999573415 0.0 1.1515248376721305 0.4093924329558098 0.0 1.1184372031938292 0.5049717344356428 0.0 1.0890331706705987 0.14558834412141736 0.0 0.48867579647040404 0.32234147013915604 0.0 0.3950898336182893 0.09879536269536005 0.0 0.40029923346153473 0.2755484887130987 0.0 0.30671327060942
1.64  0.47039642338652804 0.0 1.1499749037163312 0.40843218380071944 0.0 1.1159097747344453 0.5044615523684137 0.0 1.0880106641305225 0.15324616904647123 0.0 0.4863287074321033 0.32850750505524395 0.0 0.38997797261176026 0.10507080163629973 0.0 0.398698039427717 0.2803321376450725 0.0 0.30234730460737397
1.66  0.4687926835369369 0.0 1.1481412306604835 0.4073711601157784 0.0 1.1131070122358622 0.5038269019615582 0.0 1.0867197072393249 0.1608661827723846 0.0 0.48386162406233646 0.33459248566002286 0.0 0.38476989037585496 0.11132031592914388 0.0 0.3969984726185173 0.28504661881678217 0.0 0.29790673893203584
1.68  0.4670732761073783 0.0 1.1460242709359765 0.406209623692704 0.0 1.1100296072377875 0.5030679398055671 0.0 1.085160618521302 0.16844650517479126 0.0 0.48127515507700896 0.34059491057558 0.0 0.3794668719269347 0.11754236359975415 0.0 0.3952009523766146 0.2896907690005429 0.0 0.29339266922654034
1.7  0.46523862533590776 0.0 1.1436245468709452 0.4049478611232286 0.0 1.1066783190438567 0.5021848531629963 0.0 1.083333782658266 0.1759852659225651 0.0 0.47856993864864095 0.34651329879338355 0.0 0.37407022570545123 0.12373540945097025 0.0 0.39330592221323174 0.2942634423217887 0.0 0.288806209270042
1.72  0.4632891838951508 0.0 1.1409426505613947 0.4035861837283863 0.0 1.1030539745342844 0.501177859922261 0.0 1.08123965039463 0.18348060493929685 0.0 0.47574664224890717 0.35234619003969986 0.0 0.3685812832531078 0.1298979254413972 0.0 0.3913138496987057 0.29876351054180017 0.0 0.2841484907029063
1.74  0.46122543278061234 0.0 1.13797924372511 0.40212492748169837 0.0 1.0991574679618472 0.500047208543875 0.0 1.078878738426196 0.19093067286223883 0.0 0.47280596248394835 0.35809214513589294 0.0 0.36300139888432204 0.13602839106242565 0.0 0.38922522634712137 0.3031898633360798 0.0 0.279420662747495
1.76  0.45904788119199935 0.0 1.1347350575383848 0.4005644529262786 0.0 1.0949897607312367 0.4987931779991475 0.0 1.0762516292726643 0.19833363149860905 0.0 0.4697486249224939 0.3637497463535214 0.0 0.3573319493520678 0.14212529371339602 0.0 0.3870405674950378 0.3075414085683084 0.0 0.2746238919246117
1.78  0.4567570664075836 0.0 1.131210892455617 0.39890514508587444 0.0 1.0905518811618489 0.4974160777013518 0.0 1.0733589711339078 0.20568765427913704 0.0 0.4665753839168396 0.36931759776414175 0.0 0.35157433350818384 0.14818712907480916 0.0 0.3847604121743373 0.31181707255981383 0.0 0.2697593617656815
1.8  0.454353553651634 0.0 1.127407618011808 0.3971474133698656 0.0 1.0858449242340624 0.49591624742937934 0.0 1.0702014777300395 0.21299092670874187 0.0 0.46328702241672104 0.3747943255837313 0.0 0.3457299719582264 0.15421240147949455 0.0 0.38238532297922634 0.316015800354484 0.0 0.26482827252073166
1.82  0.4518379359549591 0.0 1.1233261726080166 0.39529169147225207 0.0 1.0808700513190679 0.49429405724390785 0.0 1.0667799281253096 0.22024164681423297 0.0 0.4598843517761336 0.38017857851165104 0.0 0.3398003067109568 0.16019962428164458 0.0 0.3799158859274246 0.32013655597906265 0.0 0.25983184086224775
1.84  0.44921083400858347 0.0 1.1189675632798248 0.3933384372646444 0.0 1.075628489892316 0.49254990739609217 0.0 1.0630951665358856 0.22743802558891918 0.0 0.4563682115531428 0.38546902806405725 0.0 0.3337868008225475 0.16614732022362155 0.0 0.3773527103155737 0.3241783226987597 0.0 0.25477129958497846
1.86  0.44647289601060236 0.0 1.1143328654488647 0.3912881326832911 0.0 1.0701215332306577 0.4906842282288091 0.0 1.0591481021215534 0.23457828743401965 0.0 0.45273946930273534 0.3906643689016856 0.0 0.3276909380355943 0.17205402180044915 0.0 0.3746964285689024 0.32814010326811505 0.0 0.24964789730176135
1.88  0.4436247975062481 0.0 1.1094232226574756 0.38914128361016836 0.0 1.0643505400932474 0.48869748007047636 0.0 1.0549397087613959 0.24166067059676588 0.0 0.4489990203627636 0.39576331915192375 0.0 0.32151422241302574 0.17791827162189694 0.0 0.37194769608518474 0.3320209201770548 0.0 0.2444628981354468
1.9  0.4406672412212096 0.0 1.1042398462865517 0.3868984197481609 0.0 1.0583169343862875 0.4865901531214737 0.0 1.050471024813503 0.2486834276050887 0.0 0.44514778763303386 0.40076462072509494 0.0 0.3152581779669972 0.18373862277207037 0.0 0.3691071910730308 0.33581981589207655 0.0 0.23921758140699406
1.92  0.43760095688824485 0.0 1.0987840152566521 0.3845600944903656 0.0 1.0520222048117043 0.4843627673331928 0.0 1.0457431528587728 0.25564482569877994 0.0 0.441186721347595 0.4056670396248719 0.0 0.30892434828286464 0.18951363916641478 0.0 0.36617561438454904 0.3395358530925067 0.0 0.23391324131981867
1.94  0.4344267010671317 0.0 1.0930570757124465 0.38212688478355106 0.0 1.04546790449983 0.48201587227974807 0.0 1.0407572594288657 0.26254314725702566 0.0 0.4371167988402822 0.41046936625274766 0.0 0.3025142961383276 0.19524189590604832 0.0 0.36315368934242126 0.3431681149017703 0.0 0.22855118664046659
1.96  0.43114525695799655 0.0 1.0870604406905724 0.37959939098580353 0.0 1.0386556506261924 0.4795500470223767 0.0 1.0355145747183794 0.2693766902222032 0.0 0.43293902430357467 0.4151704157064855 0.0 0.29602960311783694 0.20092197962933434 0.0 0.36004216156143354 0.3467157051136166 0.0 0.2231327403756958
1.98  0.4277574342080721 0.0 1.0807955897709927 0.37697823671839803 0.0 1.0315871240125005 0.47696589996656413 0.0 1.0300163922813186 0.27614376851983835 0.0 0.4286544285408259 0.41976902807247607 0.0 0.289471869222363 0.2065524888606069 0.0 0.356841798764507 0.35017774841324467 0.0 0.21765923944604412
2.0  0.4242640687119283 0.0 1.0742640687119285 0.3742640687119283 0.0 1.0242640687119287 0.4742640687119283 0.0 1.0242640687119287 0.28284271247461895 0.0 0.42426406871192857 0.42426406871192845 0.0 0.2828427124746191 0.21213203435596423 0.0 0.35355339059327384 0.35355339059327373 0.0 0.21213203435596437
2.02  0.41072826355721326 0.0 1.0873811764528467 0.36072826355721327 0.0 1.0373811764528469 0.4607282635572133 0.0 1.0373811764528469 0.26937669022220323 0.0 0.43293902430357467 0.41517041570648555 0.0 0.2960296031178369 0.2009219796293344 0.0 0.36004216156143354 0.34671570511361666 0.0 0.22313274037569578
2.04  0.39678711919419113 0.0 1.1000666417782758 0.34678711919419114 0.0 1.0500666417782756 0.4467871191941911 0.0 1.0500666417782756 0.2556448256987799 0.0 0.441186721347595 0.40566703962487183 0.0 0.30892434828286464 0.18951363916641473 0.0 0.36617561438454904 0.33953585309250667 0.0 0.23391324131981867
2.06  0.382454393849214 0.0 1.1123079456654736 0.332454393849214 0.0 1.0623079456654736 0.43245439384921397 0.0 1.0623079456654736 0.24166067059676596 0.0 0.44899902036276373 0.39576331915192386 0.0 0.32151422241302574 0.177918271621897 0.0 0.37194769608518474 0.33202092017705487 0.0 0.2444628981354468
2.08  0.3677442321917859 0.0 1.1240930074254143 0.3177442321917859 0.0 1.074093007425414 0.4177442321917859 0.0 1.074093007425414 0.22743802558891918 0.0 0.4563682115531429 0.38546902806405725 0.0 0.3337868008225475 0.16614732022362153 0.0 0.3773527103155738 0.3241783226987596 0.0 0.2547712995849785
2.1  0.3526711513754839 0.0 1.1354101966249686 0.30267115137548384 0.0 1.0854101966249683 0.40267115137548387 0.0 1.0854101966249683 0.21299092670874176 0.0 0.4632870224167211 0.37479432558373127 0.0 0.34572997195822647 0.15421240147949444 0.0 0.38238532297922634 0.31601580035448396 0.0 0.2648282725207317
2.12  0.33725002671127813 0.0 1.1462483445647371 0.28725002671127814 0.0 1.096248344564737 0.3872500267112782 0.0 1.096248344564737 0.19833363149860903 0.0 0.46974862492249403 0.3637497463535214 0.0 0.35733194935206797 0.142125293713396 0.0 0.3870405674950379 0.30754140856830836 0.0 0.2746238919246118
2.14  0.3214960769873979 0.0 1.156596755301209 0.27149607698739786 0.0 1.1065967553012088 0.3714960769873979 0.0 1.1065967553012088 0.18348060493929672 0.0 0.4757466422489072 0.3523461900396998 0.0 0.36858128325310796 0.12989792544139708 0.0 0.39131384969870575 0.29876351054180017 0.0 0.28414849070290643
2.16  0.3054248494502226 0.0 1.1664452162023662 0.2554248494502226 0.0 1.1164452162023664 0.3554248494502226 0.0 1.1164452162023664 0.1684465051747912 0.0 0.48127515507700896 0.34059491057558 0.0 0.37946687192693473 0.11754236359975412 0.0 0.39520095237661457 0.2896907690005429 0.0 0.2933926692265404
2.18  0.28905220446102897 0.0 1.175784008026318 0.23905220446102898 0.0 1.1257840080263182 0.33905220446102896 0.0 1.1257840080263182 0.15324616904647112 0.0 0.4863287074321033 0.32850750505524384 0.0 0.38997797261176037 0.10507080163629963 0.0 0.398698039427717 0.28033213764507237 0.0 0.302347304607374
2.2  0.2723942998437279 0.0 1.1846039145130207 0.22239429984372794 0.0 1.1346039145130207 0.3223942998437279 0.0 1.1346039145130207 0.1378945974509365 0.0 0.4909023120681386 0.31609590228861006 0.0 0.4001042121202293 0.09249554747698183 0.0 0.4018016596493018 0.27069685231465546 0.0 0.3110035597013925
2.22  0.2554675749390434 0.0 1.1928962314796119 0.20546757493904336 0.0 1.1428962314796118 0.30546757493904336 0.0 1.1428962314796118 0.12240694053593419 0.0 0.494991455389517 0.3033723510291381 0.0 0.4098355970765025 0.07982901137942697 0.0 0.40450875014291504 0.2607944218726309 0.0 0.31935289182990056
2.24  0.23828873438086823 0.0 1.2006527754103886 0.1882887343808682 0.0 1.1506527754103888 0.2882887343808682 0.0 1.1506527754103888 0.10679848274899204 0.0 0.49859210190546865 0.2903494078857883 0.0 0.4191625237785126 0.067083693685514 0.0 0.4068166393370706 0.2506346188223103 0.0 0.32738706121011446
2.26  0.2208747316108068 0.0 1.2078658915329508 0.17087473161080682 0.0 1.1578658915329507 0.27087473161080683 0.0 1.1578658915329507 0.09108462775351399 0.0 0.5017006982125934 0.27703992493116425 0.0 0.4280757876756578 0.054272172485046184 0.0 0.4087230496237684 0.24022746966269648 0.0 0.3350981390868327
2.28  0.20324275214717508 0.0 1.2145284613725353 0.15324275214717506 0.0 1.1645284613725353 0.25324275214717507 0.0 1.1645284613725353 0.0752808832272233 0.0 0.5043141765016419 0.2634570370180684 0.0 0.4365665924525835 0.041407091202694146 0.0 0.41022609960621936 0.22958324499353921 0.0 0.342478515557161
2.3  0.1854101966249686 0.0 1.220633909777092 0.13541019662496862 0.0 1.170633909777092 0.2354101966249686 0.0 1.170633909777092 0.05940284555795848 0.0 0.5064299575850716 0.24961414881698918 0.0 0.44462655871008205 0.028501146120463727 0.0 0.41132430595555625 0.21871244937949444 0.0 0.3495209070805667
2.32  0.1673946636235377 0.0 1.2261762114061656 0.11739466362353769 0.0 1.1761762114061656 0.2173946636235377 0.0 1.1761762114061656 0.04346618445192044 0.0 0.5080459534423944 0.23552492158730903 0.0 0.4522477322345485 0.015567073847997492 0.0 0.41201658487470016 0.2076258109833861 0.0 0.3562183636668542
2.34  0.149213932298913 0.0 1.2311498966771786 0.09921393229891301 0.0 1.1811498966771785 0.19921393229891302 0.0 1.1811498966771785 0.0274866274695644 0.0 0.509160569280801 0.22120325969529062 0.0 0.45942259184782996 0.0026176387530789103 0.0 0.4123022531679379 0.19633427097880513 0.0 0.3625642757349669
2.36  0.1308859448379256 0.0 1.2355500571632483 0.0808859448379256 0.0 1.1855500571632482 0.1808859448379256 0.0 1.1855500571632482 0.0114799445043966 0.0 0.509772705109028 0.20666329689214608 0.0 0.4661440568297194 -0.010334379635257657 0.0 0.41218102891515324 0.18484897275249182 0.0 0.36855238063584467
2.38  0.11242878875143489 0.0 1.239372350437213 0.062428788751434885 0.0 1.1893723504372131 0.1624287887514349 0.0 1.1893723504372131 -0.004538067780006455 0.0 0.5098817568229168 0.1919193823657313 0.0 0.4724054939057718 -0.023276199238578932 0.0 0.41165303175004797 0.1731812509071588 0.0 0.37417676883290296
2.4  0.09386067902413864 0.0 1.2426130043570824 0.04386067902413863 0.0 1.1926130043570824 0.14386067902413863 0.0 1.1926130043570824 -0.020551601539398265 0.0 0.5094876168015919 0.1769860665796293 0.0 0.4782007237935457 -0.03619504804342136 0.0 0.4107187827420782 0.16134262007560618 0.0 0.37943188973403197
2.42  0.07519994013858261 0.0 1.2452688207886866 0.025199940138582608 0.0 1.1952688207886866 0.1251999401385826 0.0 1.1952688207886866 -0.03654485334929562 0.0 0.5085906740136693 0.16187808691359995 0.0 0.48352402730080846 -0.04907817670572605 0.0 0.4093792038822216 0.14934476355716952 0.0 0.38431255716936075
2.44  0.05646498799110864 0.0 1.247337178761848 0.006464987991108638 0.0 1.1973371787618479 0.10646498799110865 0.0 1.1973371787618479 -0.05250203980105079 0.0 0.5071918136333915 0.14661035311956522 0.0 0.48837015096968855 -0.06191287113290223 0.0 0.4076356171730835 0.13719952178771377 0.0 0.3888139545093806
2.46  0.03767431171758803 0.0 1.2488160370569628 -0.01232568828241197 0.0 1.1988160370569627 0.08767431171758804 0.0 1.1988160370569627 -0.06840741307817047 0.0 0.5052924161670671 0.13119793260748386 0.0 0.4927343122612044 -0.07468646503110181 0.0 0.4054897433242399 0.12491888065455252 0.0 0.3929316394183773
2.48  0.01884645544687701 0.0 1.249703936219439 -0.031153544553122994 0.0 1.1997039362194388 0.06884645544687701 0.0 1.1997039362194388 -0.08424527649750897 0.0 0.5028943560906786 0.11565603557563735 0.0 0.4966122042750529 -0.08738635240532182 0.0 0.40294370005410546 0.1125149596678245 0.0 0.39666154823847977
2.5  1.734723475976807E-18 0.0 1.25 -0.05 0.0 1.2 0.05 0.0 1.2 -0.1 0.0 0.5 0.1 0.0 0.5 -0.1 0.0 0.4 0.1 0.0 0.4
2.52  -0.01884645544687701 0.0 1.249703936219439 -0.06884645544687701 0.0 1.199703936219439 0.03115354455312299 0.0 1.199703936219439 -0.11565603557563733 0.0 0.4966122042750529 0.08424527649750899 0.0 0.5028943560906786 -0.1125149596678245 0.0 0.39666154823847977 0.08738635240532182 0.0 0.40294370005410546
2.54  -0.037674311717588026 0.0 1.2488160370569628 -0.08767431171758802 0.0 1.1988160370569627 0.012325688282411977 0.0 1.1988160370569627 -0.13119793260748386 0.0 0.4927343122612044 0.06840741307817047 0.0 0.5052924161670671 -0.12491888065455252 0.0 0.3929316394183773 0.07468646503110181 0.0 0.4054897433242399
2.56  -0.05646498799110863 0.0 1.247337178761848 -0.10646498799110862 0.0 1.1973371787618479 -0.006464987991108624 0.0 1.1973371787618479 -0.14661035311956522 0.0 0.4883701509696885 0.05250203980105079 0.0 0.5071918136333914 -0.13719952178771377 0.0 0.3888139545093805 0.06191287113290223 0.0 0.4076356171730834
2.58  -0.07519994013858258 0.0 1.2452688207886866 -0.1251999401385826 0.0 1.1952688207886868 -0.02519994013858258 0.0 1.1952688207886868 -0.16187808691359995 0.0 0.4835240273008085 0.03654485334929565 0.0 0.5085906740136694 -0.14934476355716952 0.0 0.38431255716936075 0.049078176705726076 0.0 0.4093792038822216
2.6  -0.09386067902413864 0.0 1.2426130043570824 -0.14386067902413863 0.0 1.1926130043570824 -0.04386067902413863 0.0 1.1926130043570824 -0.1769860665796293 0.0 0.4782007237935457 0.020551601539398258 0.0 0.5094876168015919 -0.16134262007560618 0.0 0.37943188973403197 0.03619504804342135 0.0 0.4107187827420782
2.62  -0.11242878875143489 0.0 1.239372350437213 -0.1624287887514349 0.0 1.1893723504372131 -0.062428788751434885 0.0 1.1893723504372131 -0.1919193823657313 0.0 0.4724054939057718 0.004538067780006455 0.0 0.5098817568229168 -0.1731812509071588 0.0 0.37417676883290296 0.023276199238578932 0.0 0.41165303175004797
2.64  -0.1308859448379256 0.0 1.2355500571632483 -0.1808859448379256 0.0 1.1855500571632482 -0.0808859448379256 0.0 1.1855500571632482 -0.20666329689214608 0.0 0.4661440568297194 -0.0114799445043966 0.0 0.509772705109028 -0.18484897275249182 0.0 0.36855238063584467 0.010334379635257657 0.0 0.41218102891515324
2.66  -0.149213932298913 0.0 1.2311498966771786 -0.199213932298913 0.0 1.1811498966771787 -0.09921393229891298 0.0 1.1811498966771787 -0.22120325969529064 0.0 0.4594225918478301 -0.027486627469564408 0.0 0.509160569280801 -0.19633427097880513 0.0 0.36256427573496697 -0.0026176387530789103 0.0 0.41230225316793795
2.68  -0.1673946636235376 0.0 1.2261762114061658 -0.2173946636235376 0.0 1.1761762114061658 -0.11739466362353759 0.0 1.1761762114061658 -0.23552492158730903 0.0 0.4522477322345485 -0.04346618445192041 0.0 0.5080459534423944 -0.20762581098338612 0.0 0.3562183636668542 -0.015567073847997479 0.0 0.41201658487470016
2.7  -0.18541019662496866 0.0 1.220633909777092 -0.23541019662496865 0.0 1.170633909777092 -0.13541019662496864 0.0 1.170633909777092 -0.24961414881698923 0.0 0.44462655871008205 -0.05940284555795851 0.0 0.5064299575850716 -0.21871244937949447 0.0 0.3495209070805667 -0.02850114612046374 0.0 0.41132430595555625
2.72  -0.2032427521471751 0.0 1.2145284613725353 -0.25324275214717507 0.0 1.1645284613725353 -0.1532427521471751 0.0 1.1645284613725353 -0.2634570370180684 0.0 0.4365665924525835 -0.0752808832272233 0.0 0.5043141765016419 -0.22958324499353921 0.0 0.342478515557161 -0.041407091202694146 0.0 0.41022609960621936
2.74  -0.22087473161080692 0.0 1.2078658915329505 -0.27087473161080694 0.0 1.1578658915329507 -0.1708747316108069 0.0 1.1578658915329507 -0.27703992493116425 0.0 0.4280757876756578 -0.09108462775351403 0.0 0.5017006982125934 -0.24022746966269645 0.0 0.3350981390868327 -0.05427217248504622 0.0 0.4087230496237684
2.76  -0.2382887343808681 0.0 1.2006527754103886 -0.2882887343808681 0.0 1.1506527754103888 -0.18828873438086807 0.0 1.1506527754103888 -0.2903494078857883 0.0 0.41916252377851265 -0.106798482748992 0.0 0.4985921019054687 -0.25063461882231025 0.0 0.3273870612101145 -0.06708369368551398 0.0 0.4068166393370706
2.78  -0.2554675749390434 0.0 1.1928962314796117 -0.30546757493904336 0.0 1.1428962314796118 -0.20546757493904336 0.0 1.1428962314796118 -0.3033723510291381 0.0 0.40983559707650263 -0.12240694053593419 0.0 0.4949914553895171 -0.2607944218726309 0.0 0.3193528918299007 -0.07982901137942697 0.0 0.40450875014291515
2.8  -0.272394299843728 0.0 1.1846039145130207 -0.32239429984372797 0.0 1.1346039145130207 -0.222394299843728 0.0 1.1346039145130207 -0.3160959022886101 0.0 0.40010421212022934 -0.13789459745093652 0.0 0.49090231206813867 -0.27069685231465546 0.0 0.3110035597013926 -0.09249554747698187 0.0 0.4018016596493019
2.82  -0.2890522044610289 0.0 1.175784008026318 -0.3390522044610289 0.0 1.1257840080263182 -0.23905220446102893 0.0 1.1257840080263182 -0.32850750505524384 0.0 0.38997797261176037 -0.15324616904647112 0.0 0.4863287074321033 -0.28033213764507237 0.0 0.302347304607374 -0.10507080163629963 0.0 0.398698039427717
2.84  -0.3054248494502227 0.0 1.1664452162023662 -0.3554248494502227 0.0 1.1164452162023661 -0.2554248494502227 0.0 1.1164452162023661 -0.34059491057558 0.0 0.37946687192693473 -0.1684465051747912 0.0 0.4812751550770089 -0.28969076900054286 0.0 0.29339266922654034 -0.11754236359975412 0.0 0.39520095237661457
2.86  -0.3214960769873979 0.0 1.156596755301209 -0.3714960769873979 0.0 1.106596755301209 -0.27149607698739786 0.0 1.106596755301209 -0.3523461900396998 0.0 0.36858128325310796 -0.18348060493929674 0.0 0.4757466422489072 -0.29876351054180017 0.0 0.28414849070290643 -0.1298979254413971 0.0 0.39131384969870575
2.88  -0.3372500267112784 0.0 1.1462483445647371 -0.3872500267112784 0.0 1.0962483445647373 -0.2872500267112784 0.0 1.0962483445647373 -0.3637497463535214 0.0 0.3573319493520679 -0.19833363149860905 0.0 0.46974862492249403 -0.3075414085683084 0.0 0.27462389192461173 -0.14212529371339602 0.0 0.3870405674950379
2.9  -0.3526711513754839 0.0 1.1354101966249686 -0.40267115137548387 0.0 1.0854101966249683 -0.30267115137548384 0.0 1.0854101966249683 -0.37479432558373127 0.0 0.3457299719582264 -0.2129909267087417 0.0 0.46328702241672104 -0.31601580035448396 0.0 0.2648282725207317 -0.15421240147949442 0.0 0.38238532297922634
2.92  -0.36774423219178576 0.0 1.1240930074254143 -0.41774423219178575 0.0 1.0740930074254142 -0.31774423219178577 0.0 1.0740930074254142 -0.38546902806405725 0.0 0.3337868008225476 -0.22743802558891912 0.0 0.4563682115531429 -0.3241783226987596 0.0 0.25477129958497857 -0.16614732022362153 0.0 0.3773527103155738
2.94  -0.3824543938492138 0.0 1.1123079456654734 -0.4324543938492138 0.0 1.0623079456654736 -0.3324543938492138 0.0 1.0623079456654736 -0.39576331915192375 0.0 0.3215142224130257 -0.24166067059676585 0.0 0.4489990203627636 -0.33202092017705476 0.0 0.24446289813544675 -0.17791827162189688 0.0 0.37194769608518474
2.96  -0.3967871191941911 0.0 1.1000666417782758 -0.44678711919419106 0.0 1.0500666417782756 -0.3467871191941911 0.0 1.0500666417782756 -0.40566703962487194 0.0 0.30892434828286464 -0.25564482569878 0.0 0.44118672134759507 -0.3395358530925068 0.0 0.23391324131981872 -0.18951363916641484 0.0 0.3661756143845491
2.98  -0.4107282635572132 0.0 1.0873811764528467 -0.4607282635572132 0.0 1.0373811764528469 -0.3607282635572132 0.0 1.0373811764528469 -0.4151704157064855 0.0 0.2960296031178369 -0.26937669022220323 0.0 0.43293902430357467 -0.34671570511361666 0.0 0.22313274037569575 -0.20092197962933434 0.0 0.3600421615614335
3.0  -0.42426406871192845 0.0 1.0742640687119285 -0.47426406871192844 0.0 1.0242640687119282 -0.37426406871192847 0.0 1.0242640687119282 -0.4242640687119285 0.0 0.282842712474619 -0.28284271247461895 0.0 0.42426406871192857 -0.35355339059327373 0.0 0.21213203435596428 -0.21213203435596423 0.0 0.3535533905932738
