0.0 3.0 1.0
Linear 9 explicit
0.0  0.0 0.0 1.25 -0.05 0.0 1.2 0.05 0.0 1.2
0.02  -0.020416993400783387 0.0 1.2496792642377257 -0.06882178346516354 0.0 1.1981333982655324 0.03112887257140961 0.0 1.2012744741733454
0.04  -0.040813837694053695 0.0 1.2487173734783765 -0.08757564813900161 0.0 1.1956765110804972 0.012227024703825556 0.0 1.2019555630334287
0.06  -0.0611704036570343 0.0 1.247115276992002 -0.10624308622126258 0.0 1.1926317630959222 -0.0066868897609545785 0.0 1.2020425944277737
0.08  -0.08146660181679778 0.0 1.2448745558544108 -0.12480567520430645 0.0 1.1890021591104716 -0.025594205072858665 0.0 1.201535482466902
0.1  -0.10168240227615008 0.0 1.2419974213868397 -0.1432450960538954 0.0 1.1847912811050711 -0.04447626199438163 0.0 1.2004347276090943
0.12  -0.12179785448072097 0.0 1.2384867129736477 -0.16154315128786917 0.0 1.180003284707927 -0.0633144262150003 0.0 1.1987414161664995
0.14  -0.14179310690775265 0.0 1.2343458952601858 -0.1796817829348629 0.0 1.1746428950934213 -0.08209010674098813 0.0 1.1964572192330756
0.16  -0.16164842665715562 0.0 1.2295790547336103 -0.19764309035534441 0.0 1.168715402318936 -0.1007847742424813 0.0 1.1935843910354214
0.18  -0.18134421892549904 0.0 1.224190895690013 -0.21540934790738472 0.0 1.1622266561042043 -0.11937997933969041 0.0 1.190125766708127
0.2  -0.20086104634371582 0.0 1.2181867355918499 -0.2329630224397261 0.0 1.1551830600583446 -0.13785737081021074 0.0 1.1860847594958395
0.22  -0.22017964815943938 0.0 1.2115724998202466 -0.25028679059488607 0.0 1.1475915653602706 -0.15619871369946353 0.0 1.1814653573847997
0.24  -0.23928095924504067 0.0 1.2043547158273635 -0.2673635559052193 0.0 1.139459663898717 -0.1743859073163942 0.0 1.1762721191671845
0.26  -0.2581461289126074 0.0 1.1965405066945878 -0.28417646566506743 0.0 1.1307953808786495 -0.1924010030966693 0.0 1.1705101699421276
0.28  -0.2767565395172973 0.0 1.1881375841029127 -0.3007089275623446 0.0 1.121607266901358 -0.21022622231574264 0.0 1.1641851960578653
0.3  -0.29509382483070545 0.0 1.1791542407224394 -0.31694462605314644 0.0 1.1119043895260434 -0.22784397363430967 0.0 1.1573034394999981
0.32  -0.31313988816611493 0.0 1.1695993420285113 -0.3328675384632223 0.0 1.1016963243212323 -0.24523687045883596 0.0 1.1498716917314038
0.34  -0.3308769202377413 0.0 1.1594823175525635 -0.34846195080041986 0.0 1.0909931454148476 -0.2623877481000255 0.0 1.1418972869898847
0.36  -0.3482874167363479 0.0 1.1488131515763098 -0.3637124732624988 0.0 1.0798054155522592 -0.2792796807122973 0.0 1.133388095050159
0.38  -0.36535419560388493 0.0 1.1376023732784653 -0.37860405542500647 0.0 1.0681441756721306 -0.2958959979975503 0.0 1.1243525134573435
0.4  -0.3820604139901076 0.0 1.1258610463437158 -0.39312200109423123 0.0 1.0560209340103448 -0.31222030165673653 0.0 1.114799459239592
0.42  -0.39838958487443465 0.0 1.113600758044199 -0.4072519828105704 0.0 1.0434476547427656 -0.32823648157300134 0.0 1.1047383601080631
0.44  -0.41432559333664837 0.0 1.1008336078042629 -0.4209800559880033 0.0 1.0304367461780388 -0.3439287317104244 0.0 1.094179145152908
0.46  -0.4298527124603737 0.0 1.0875721952597988 -0.43429267267571403 0.0 1.017001048512093 -0.3592815657126681 0.0 1.0831322350444583
0.48  -0.44495561885364765 0.0 1.0738296078239173 -0.4471766949282837 0.0 1.0031538211564124 -0.3742798321861426 0.0 1.0716085317492814
0.5  -0.4596194077712559 0.0 1.059619407771256 -0.4596194077712559 0.0 0.9889087296526012 -0.38890872965260104 0.0 1.059619407771256
0.52  -0.42985271246037365 0.0 1.0875721952597988 -0.43429267267571403 0.0 1.017001048512093 -0.35928156571266806 0.0 1.0831322350444583
0.54  -0.39838958487443465 0.0 1.113600758044199 -0.40725198281057035 0.0 1.0434476547427654 -0.3282364815730013 0.0 1.1047383601080631
0.56  -0.36535419560388493 0.0 1.1376023732784653 -0.3786040554250064 0.0 1.0681441756721304 -0.2958959979975503 0.0 1.1243525134573435
0.58  -0.3308769202377415 0.0 1.1594823175525633 -0.3484619508004201 0.0 1.0909931454148474 -0.26238774810002574 0.0 1.1418972869898845
0.6  -0.29509382483070545 0.0 1.1791542407224394 -0.31694462605314644 0.0 1.1119043895260434 -0.22784397363430967 0.0 1.1573034394999981
0.62  -0.25814612891260746 0.0 1.1965405066945878 -0.2841764656650675 0.0 1.1307953808786495 -0.19240100309666938 0.0 1.1705101699421276
0.64  -0.22017964815943936 0.0 1.2115724998202466 -0.25028679059488607 0.0 1.1475915653602708 -0.1561987136994635 0.0 1.1814653573848
0.66  -0.181344218925499 0.0 1.224190895690013 -0.2154093479073847 0.0 1.1622266561042043 -0.1193799793396904 0.0 1.1901257667081273
0.68  -0.14179310690775263 0.0 1.2343458952601858 -0.17968178293486287 0.0 1.1746428950934211 -0.0820901067409881 0.0 1.1964572192330754
0.7  -0.10168240227615016 0.0 1.2419974213868394 -0.1432450960538955 0.0 1.184791281105071 -0.04447626199438172 0.0 1.200434727609094
0.72  -0.06117040365703438 0.0 1.2471152769920022 -0.10624308622126266 0.0 1.1926317630959224 -0.006686889760954655 0.0 1.2020425944277737
0.74  -0.020416993400783436 0.0 1.2496792642377255 -0.0688217834651636 0.0 1.1981333982655324 0.03112887257140956 0.0 1.2012744741733452
0.76  0.020416993400783436 0.0 1.2496792642377255 -0.03112887257140956 0.0 1.2012744741733452 0.0688217834651636 0.0 1.1981333982655324
0.78  0.06117040365703437 0.0 1.2471152769920022 0.006686889760954648 0.0 1.2020425944277737 0.10624308622126265 0.0 1.1926317630959224
0.8  0.10168240227615018 0.0 1.2419974213868397 0.04447626199438173 0.0 1.2004347276090943 0.14324509605389552 0.0 1.1847912811050711
0.82  0.1417931069077526 0.0 1.2343458952601858 0.0820901067409881 0.0 1.1964572192330756 0.17968178293486284 0.0 1.1746428950934213
0.84  0.181344218925499 0.0 1.224190895690013 0.11937997933969037 0.0 1.190125766708127 0.21540934790738467 0.0 1.1622266561042043
0.86  0.2201796481594393 0.0 1.2115724998202466 0.15619871369946342 0.0 1.1814653573847997 0.250286790594886 0.0 1.1475915653602708
0.88  0.25814612891260746 0.0 1.1965405066945878 0.19240100309666938 0.0 1.1705101699421276 0.2841764656650675 0.0 1.1307953808786495
0.9  0.2950938248307054 0.0 1.1791542407224391 0.22784397363430964 0.0 1.157303439499998 0.31694462605314644 0.0 1.1119043895260434
0.92  0.3308769202377414 0.0 1.1594823175525633 0.26238774810002563 0.0 1.1418972869898845 0.34846195080042 0.0 1.0909931454148474
0.94  0.36535419560388477 0.0 1.1376023732784653 0.2958959979975501 0.0 1.1243525134573435 0.3786040554250063 0.0 1.0681441756721304
0.96  0.39838958487443465 0.0 1.1136007580441987 0.3282364815730013 0.0 1.104738360108063 0.40725198281057035 0.0 1.0434476547427654
0.98  0.4298527124603737 0.0 1.0875721952597988 0.3592815657126681 0.0 1.0831322350444583 0.4342926726757141 0.0 1.017001048512093
1.0  0.4596194077712558 0.0 1.059619407771256 0.38890872965260104 0.0 1.059619407771256 0.4596194077712558 0.0 0.9889087296526011
1.02  0.4617677081720968 0.0 1.0667080730350689 0.3910657534543216 0.0 1.0655973979765252 0.4628783832306405 0.0 0.9960061183172937
1.04  0.4638020743005246 0.0 1.0735335440433567 0.3931262876330196 0.0 1.0713124679687205 0.46602315037516073 0.0 1.0028577573758515
1.06  0.4657220042071383 0.0 1.0800941367132784 0.3950898237827191 0.0 1.0767632076398366 0.46905293328058006 0.0 1.0094619562888592
1.08  0.4675270241779617 0.0 1.0863882323167615 0.3969558774302561 0.0 1.081948272101421 0.4719669843933021 0.0 1.015817085569056
1.1  0.4692166888513263 0.0 1.092414277879897 0.3987239881548156 0.0 1.0868663820164046 0.47476458471481864 0.0 1.0219215771833863
1.12  0.4707905813277569 0.0 1.098170786566111 0.4003937197015329 0.0 1.091516323914756 0.4774450439791119 0.0 1.0277739249398872
1.14  0.4722483132728355 0.0 1.1036563380430222 0.40196466008913373 0.0 1.095896950492891 0.48000770082296673 0.0 1.0333726848593203
1.16  0.4735895250130173 0.0 1.1088695788328855 0.4034364217115839 0.0 1.1000071808967498 0.48245192294915296 0.0 1.038716475531452
1.18  0.47481388562437427 0.0 1.1138092226465433 0.4048086414337255 0.0 1.103846000988483 0.48477710728243456 0.0 1.0438039784558946
1.2  0.47592109301424607 0.0 1.1184740507007986 0.406080980680875 0.0 1.107412463596675 0.48698268011836976 0.0 1.0486339383674275
1.22  0.4769108739957768 0.0 1.1228629120191296 0.4072531255223617 0.0 1.1107056887500422 0.489068097264864 0.0 1.0532051635457145
1.24  0.4777829843553197 0.0 1.1269747237156786 0.40832478674898504 0.0 1.113724863894557 0.4910328441764412 0.0 1.057516526109344
1.26  0.47853720891269313 0.0 1.1308084712624353 0.409295699944373 0.0 1.1164692440939283 0.4928764360812 0.0 1.061566962294115
1.28  0.47917336157427326 0.0 1.1343632087395583 0.4101656255502226 0.0 1.1189381522134074 0.49459841810042415 0.0 1.0653554727155077
1.3  0.47969128537891004 0.0 1.137638059068766 0.4109343489254079 0.0 1.1211309790868587 0.4961983653608172 0.0 1.068881122615264
1.32  0.4800908525366543 0.0 1.140632214229742 0.4116016803989385 0.0 1.1230471836670635 0.49767588309933286 0.0 1.0721430420920262
1.34  0.4803719644602886 0.0 1.143344935459503 0.4121674553167587 0.0 1.1246862931592139 0.49903060676057787 0.0 1.0751404263159732
1.36  0.48053455178965254 0.0 1.1457755534346772 0.4126315340823736 0.0 1.1260479031375699 0.50026220208676 0.0 1.0778725357273982
1.38  0.48057857440875523 0.0 1.1479234684366486 0.4129938021912919 0.0 1.1271316776452427 0.5013703652001612 0.0 1.0803386962191852
1.4  0.48050402145567395 0.0 1.1497881504995315 0.41325417025927813 0.0 1.1279373492770903 0.5023548226781149 0.0 1.0825382993031356
1.42  0.4803109113252345 0.0 1.1513691395409273 0.4134125740444079 0.0 1.1284647192456922 0.5032153316204695 0.0 1.0844708022601006
1.44  0.47999929166447186 0.0 1.152666045475448 0.41346897446291725 0.0 1.1287136574304006 0.5039516797095192 0.0 1.0861357282738933
1.46  0.47956923936087503 0.0 1.15367854831096 0.4134233575988473 0.0 1.128684102409443 0.5045636852623918 0.0 1.087532666548932
1.48  0.479020860523414 0.0 1.1544063982275385 0.4132757347074759 0.0 1.1283760614750786 0.505051197275874 0.0 1.0886612724116005
1.5  0.4783542904563621 0.0 1.1548494156391085 0.4130261422125432 0.0 1.1277896106317986 0.5054140954636719 0.0 1.0895212673952896
1.52  0.47756969362590895 0.0 1.1550074912377521 0.41267464169726253 0.0 1.1269248945775736 0.5056522902860876 0.0 1.0901124393091057
1.54  0.47666726361958245 0.0 1.154880586020681 0.4122213198891262 0.0 1.1257821266681505 0.5057657229721129 0.0 1.0904346422902247
1.56  0.47564722309848306 0.0 1.1544687312998583 0.41166628863850724 0.0 1.1243615888644114 0.5057543655339298 0.0 1.0904877968398823
1.58  0.4745098237423462 0.0 1.1537720286942739 0.41100968489106143 0.0 1.122663631662804 0.505618220773816 0.0 1.090271889842989
1.6  0.4732553461874438 0.0 1.1527906501048708 0.41025167065393875 0.0 1.1206886740088604 0.5053573222834542 0.0 1.0897869745713655
1.62  0.4718840999573415 0.0 1.1515248376721305 0.4093924329558098 0.0 1.1184372031938292 0.5049717344356428 0.0 1.0890331706705987
1.64  0.47039642338652804 0.0 1.1499749037163312 0.40843218380071944 0.0 1.1159097747344453 0.5044615523684137 0.0 1.0880106641305225
1.66  0.4687926835369369 0.0 1.1481412306604835 0.4073711601157784 0.0 1.1131070122358622 0.5038269019615582 0.0 1.0867197072393249
1.68  0.4670732761073783 0.0 1.1460242709359765 0.406209623692704 0.0 1.1100296072377875 0.5030679398055671 0.0 1.085160618521302
1.7  0.46523862533590776 0.0 1.1436245468709452 0.4049478611232286 0.0 1.1066783190438567 0.5021848531629963 0.0 1.083333782658266
1.72  0.4632891838951508 0.0 1.1409426505613947 0.4035861837283863 0.0 1.1030539745342844 0.501177859922261 0.0 1.08123965039463
1.74  0.46122543278061234 0.0 1.13797924372511 0.40212492748169837 0.0 1.0991574679618472 0.500047208543875 0.0 1.078878738426196
1.76  0.45904788119199935 0.0 1.1347350575383848 0.4005644529262786 0.0 1.0949897607312367 0.4987931779991475 0.0 1.0762516292726643
1.78  0.4567570664075836 0.0 1.131210892455617 0.39890514508587444 0.0 1.0905518811618489 0.4974160777013518 0.0 1.0733589711339078
1.8  0.454353553651634 0.0 1.127407618011808 0.3971474133698656 0.0 1.0858449242340624 0.49591624742937934 0.0 1.0702014777300395
1.82  0.4518379359549591 0.0 1.1233261726080166 0.39529169147225207 0.0 1.0808700513190679 0.49429405724390785 0.0 1.0667799281253096
1.84  0.44921083400858347 0.0 1.1189675632798248 0.3933384372646444 0.0 1.075628489892316 0.49254990739609217 0.0 1.0630951665358856
1.86  0.44647289601060236 0.0 1.1143328654488647 0.3912881326832911 0.0 1.0701215332306577 0.4906842282288091 0.0 1.0591481021215534
1.88  0.4436247975062481 0.0 1.1094232226574756 0.38914128361016836 0.0 1.0643505400932474 0.48869748007047636 0.0 1.0549397087613959
1.9  0.4406672412212096 0.0 1.1042398462865517 0.3868984197481609 0.0 1.0583169343862875 0.4865901531214737 0.0 1.050471024813503
1.92  0.43760095688824485 0.0 1.0987840152566521 0.3845600944903656 0.0 1.0520222048117043 0.4843627673331928 0.0 1.0457431528587728
1.94  0.4344267010671317 0.0 1.0930570757124465 0.38212688478355106 0.0 1.04546790449983 0.48201587227974807 0.0 1.0407572594288657
1.96  0.43114525695799655 0.0 1.0870604406905724 0.37959939098580353 0.0 1.0386556506261924 0.4795500470223767 0.0 1.0355145747183794
1.98  0.4277574342080721 0.0 1.0807955897709927 0.37697823671839803 0.0 1.0315871240125005 0.47696589996656413 0.0 1.0300163922813186
2.0  0.4242640687119283 0.0 1.0742640687119285 0.3742640687119283 0.0 1.0242640687119287 0.4742640687119283 0.0 1.0242640687119287
2.02  0.41072826355721326 0.0 1.0873811764528467 0.36072826355721327 0.0 1.0373811764528469 0.4607282635572133 0.0 1.0373811764528469
2.04  0.39678711919419113 0.0 1.1000666417782758 0.34678711919419114 0.0 1.0500666417782756 0.4467871191941911 0.0 1.0500666417782756
2.06  0.382454393849214 0.0 1.1123079456654736 0.332454393849214 0.0 1.0623079456654736 0.43245439384921397 0.0 1.0623079456654736
2.08  0.3677442321917859 0.0 1.1240930074254143 0.3177442321917859 0.0 1.074093007425414 0.4177442321917859 0.0 1.074093007425414
2.1  0.3526711513754839 0.0 1.1354101966249686 0.30267115137548384 0.0 1.0854101966249683 0.40267115137548387 0.0 1.0854101966249683
2.12  0.33725002671127813 0.0 1.1462483445647371 0.28725002671127814 0.0 1.096248344564737 0.3872500267112782 0.0 1.096248344564737
2.14  0.3214960769873979 0.0 1.156596755301209 0.27149607698739786 0.0 1.1065967553012088 0.3714960769873979 0.0 1.1065967553012088
2.16  0.3054248494502226 0.0 1.1664452162023662 0.2554248494502226 0.0 1.1164452162023664 0.3554248494502226 0.0 1.1164452162023664
2.18  0.28905220446102897 0.0 1.175784008026318 0.23905220446102898 0.0 1.1257840080263182 0.33905220446102896 0.0 1.1257840080263182
2.2  0.2723942998437279 0.0 1.1846039145130207 0.22239429984372794 0.0 1.1346039145130207 0.3223942998437279 0.0 1.1346039145130207
2.22  0.2554675749390434 0.0 1.1928962314796119 0.20546757493904336 0.0 1.1428962314796118 0.30546757493904336 0.0 1.1428962314796118
2.24  0.23828873438086823 0.0 1.2006527754103886 0.1882887343808682 0.0 1.1506527754103888 0.2882887343808682 0.0 1.1506527754103888
2.26  0.2208747316108068 0.0 1.2078658915329508 0.17087473161080682 0.0 1.1578658915329507 0.27087473161080683 0.0 1.1578658915329507
2.28  0.20324275214717508 0.0 1.2145284613725353 0.15324275214717506 0.0 1.1645284613725353 0.25324275214717507 0.0 1.1645284613725353
2.3  0.1854101966249686 0.0 1.220633909777092 0.13541019662496862 0.0 1.170633909777092 0.2354101966249686 0.0 1.170633909777092
2.32  0.1673946636235377 0.0 1.2261762114061656 0.11739466362353769 0.0 1.1761762114061656 0.2173946636235377 0.0 1.1761762114061656
2.34  0.149213932298913 0.0 1.2311498966771786 0.09921393229891301 0.0 1.1811498966771785 0.19921393229891302 0.0 1.1811498966771785
2.36  0.1308859448379256 0.0 1.2355500571632483 0.0808859448379256 0.0 1.1855500571632482 0.1808859448379256 0.0 1.1855500571632482
2.38  0.11242878875143489 0.0 1.239372350437213 0.062428788751434885 0.0 1.1893723504372131 0.1624287887514349 0.0 1.1893723504372131
2.4  0.09386067902413864 0.0 1.2426130043570824 0.04386067902413863 0.0 1.1926130043570824 0.14386067902413863 0.0 1.1926130043570824
2.42  0.07519994013858261 0.0 1.2452688207886866 0.025199940138582608 0.0 1.1952688207886866 0.1251999401385826 0.0 1.1952688207886866
2.44  0.05646498799110864 0.0 1.247337178761848 0.006464987991108638 0.0 1.1973371787618479 0.10646498799110865 0.0 1.1973371787618479
2.46  0.03767431171758803 0.0 1.2488160370569628 -0.01232568828241197 0.0 1.1988160370569627 0.08767431171758804 0.0 1.1988160370569627
2.48  0.01884645544687701 0.0 1.249703936219439 -0.031153544553122994 0.0 1.1997039362194388 0.06884645544687701 0.0 1.1997039362194388
2.5  1.734723475976807E-18 0.0 1.25 -0.05 0.0 1.2 0.05 0.0 1.2
2.52  -0.01884645544687701 0.0 1.249703936219439 -0.06884645544687701 0.0 1.199703936219439 0.03115354455312299 0.0 1.199703936219439
2.54  -0.037674311717588026 0.0 1.2488160370569628 -0.08767431171758802 0.0 1.1988160370569627 0.012325688282411977 0.0 1.1988160370569627
2.56  -0.05646498799110863 0.0 1.247337178761848 -0.10646498799110862 0.0 1.1973371787618479 -0.006464987991108624 0.0 1.1973371787618479
2.58  -0.07519994013858258 0.0 1.2452688207886866 -0.1251999401385826 0.0 1.1952688207886868 -0.02519994013858258 0.0 1.1952688207886868
2.6  -0.09386067902413864 0.0 1.2426130043570824 -0.14386067902413863 0.0 1.1926130043570824 -0.04386067902413863 0.0 1.1926130043570824
2.62  -0.11242878875143489 0.0 1.239372350437213 -0.1624287887514349 0.0 1.1893723504372131 -0.062428788751434885 0.0 1.1893723504372131
2.64  -0.1308859448379256 0.0 1.2355500571632483 -0.1808859448379256 0.0 1.1855500571632482 -0.0808859448379256 0.0 1.1855500571632482
2.66  -0.149213932298913 0.0 1.2311498966771786 -0.199213932298913 0.0 1.1811498966771787 -0.09921393229891298 0.0 1.1811498966771787
2.68  -0.1673946636235376 0.0 1.2261762114061658 -0.2173946636235376 0.0 1.1761762114061658 -0.11739466362353759 0.0 1.1761762114061658
2.7  -0.18541019662496866 0.0 1.220633909777092 -0.23541019662496865 0.0 1.170633909777092 -0.13541019662496864 0.0 1.170633909777092
2.72  -0.2032427521471751 0.0 1.2145284613725353 -0.25324275214717507 0.0 1.1645284613725353 -0.1532427521471751 0.0 1.1645284613725353
2.74  -0.22087473161080692 0.0 1.2078658915329505 -0.27087473161080694 0.0 1.1578658915329507 -0.1708747316108069 0.0 1.1578658915329507
2.76  -0.2382887343808681 0.0 1.2006527754103886 -0.2882887343808681 0.0 1.1506527754103888 -0.18828873438086807 0.0 1.1506527754103888
2.78  -0.2554675749390434 0.0 1.1928962314796117 -0.30546757493904336 0.0 1.1428962314796118 -0.20546757493904336 0.0 1.1428962314796118
2.8  -0.272394299843728 0.0 1.1846039145130207 -0.32239429984372797 0.0 1.1346039145130207 -0.222394299843728 0.0 1.1346039145130207
2.82  -0.2890522044610289 0.0 1.175784008026318 -0.3390522044610289 0.0 1.1257840080263182 -0.23905220446102893 0.0 1.1257840080263182
2.84  -0.3054248494502227 0.0 1.1664452162023662 -0.3554248494502227 0.0 1.1164452162023661 -0.2554248494502227 0.0 1.1164452162023661
2.86  -0.3214960769873979 0.0 1.156596755301209 -0.3714960769873979 0.0 1.106596755301209 -0.27149607698739786 0.0 1.106596755301209
2.88  -0.3372500267112784 0.0 1.1462483445647371 -0.3872500267112784 0.0 1.0962483445647373 -0.2872500267112784 0.0 1.0962483445647373
2.9  -0.3526711513754839 0.0 1.1354101966249686 -0.40267115137548387 0.0 1.0854101966249683 -0.30267115137548384 0.0 1.0854101966249683
2.92  -0.36774423219178576 0.0 1.1240930074254143 -0.41774423219178575 0.0 1.0740930074254142 -0.31774423219178577 0.0 1.0740930074254142
2.94  -0.3824543938492138 0.0 1.1123079456654734 -0.4324543938492138 0.0 1.0623079456654736 -0.3324543938492138 0.0 1.0623079456654736
2.96  -0.3967871191941911 0.0 1.1000666417782758 -0.44678711919419106 0.0 1.0500666417782756 -0.3467871191941911 0.0 1.0500666417782756
2.98  -0.4107282635572132 0.0 1.0873811764528467 -0.4607282635572132 0.0 1.0373811764528469 -0.3607282635572132 0.0 1.0373811764528469
3.0  -0.42426406871192845 0.0 1.0742640687119285 -0.47426406871192844 0.0 1.0242640687119282 -0.37426406871192847 0.0 1.0242640687119282
