0.0 5.0 1.0
SphericalLinear 4 explicit
 0.000000 1.0 0.0 0.0 0.0
 0.200000 4.04872243876592E-13 -1.0 -8.159399257650535E-15 0.3647853261822138
 0.400000 2.6997872348181425E-14 -1.0 1.5795837426625827E-14 1.5965657429123734
 0.600000 4.204829293662512E-14 -1.0 1.6341160823059044E-14 3.5437701459346247
 0.800000 3.449866933553392E-14 -1.0 1.900887825246459E-14 5.907540252954445
 1.000000 3.129073617934729E-14 -1.0 2.1550149302534416E-14 8.257175622097005
 1.200000 1.7000872933824145E-12 -1.0 1.6372274957627815E-13 10.11070068736512
 1.400000 2.5067195864292228E-14 -1.0 2.431235400303939E-14 11.153068570677524
 1.600000 2.2018114167252417E-14 -1.0 2.43566682058646E-14 11.37042504894568
 1.800000 2.1318583270045402E-14 -1.0 2.6771497275183308E-14 10.901009361203009
 2.000000 1.748796159129245E-14 -1.0 3.0334058240652265E-14 9.971034679705474
 2.200000 1.668848419022173E-14 -1.0 3.525414701275965E-14 8.847132123024387
 2.400000 1.3776595054290477E-14 -1.0 4.199891132265517E-14 7.664973793374041
 2.600000 1.4322694116630554E-14 -1.0 5.117829173271288E-14 6.495773728500853
 2.800000 1.0683563620383152E-14 -1.0 6.222287324336934E-14 5.384830882393728
 3.000000 -1.8688218068374357E-15 -1.0 7.688207329348098E-14 4.35316993585717
 3.200000 -1.4493048034260286E-14 -1.0 9.636462814841017E-14 3.4148012336441353
 3.400000 -4.632037076775015E-14 -1.0 1.2002309541831515E-13 2.6159902558860813
 3.600000 -1.0752571152825935E-13 -1.0 1.4772379380910852E-13 1.9841068803216046
 3.800000 -2.0224899808979823E-13 -1.0 1.700957100900315E-13 1.5158200957795993
 4.000000 -3.6481413672239015E-13 -1.0 1.9404557091324859E-13 1.1797526795662947
 4.200000 -5.964427471102488E-13 -1.0 2.154964024687624E-13 0.9300478754537077
 4.400000 -9.573336527869387E-13 -1.0 2.2301834299950063E-13 0.7459758543725866
 4.600000 -1.4332882061373294E-12 -1.0 1.6789104296456535E-13 0.6162437225456219
 4.800000 -2.0828295501121275E-12 -1.0 1.1899706846540206E-13 0.531373371570927
 5.000000 -2.844534635045347E-12 -1.0 -1.8390127319337912E-14 0.4834173265354988
