0 1000000000 1.0
Linear 3 explicit
 0.000000 0.0 0.0 0.0
 0.001000 0.0 0.0 0.0
 0.002000 3.454350176004817E-5 0.0 3.454350176004817E-5
 0.003000 1.3817264332180446E-4 0.0 1.3817264332180446E-4
 0.004000 3.1088333358431086E-4 0.0 3.1088333358431086E-4
 0.005000 5.526687542251051E-4 0.0 5.526687542251051E-4
 0.006000 8.635193599697E-4 0.0 8.635193599697E-4
 0.007000 0.0012434228789688917 0.0 0.0012434228789688917
 0.008000 0.0016923643132817634 0.0 0.0016923643132817634
 0.009000 0.002210325939469432 0.0 0.002210325939469432
 0.010000 0.002797287309293711 0.0 0.002797287309293711
 0.011000 0.003453225250524772 0.0 0.003453225250524772
 0.012000 0.004178113867855854 0.0 0.004178113867855854
 0.013000 0.0049719245439256154 0.0 0.0049719245439256154
 0.014000 0.00583462594044773 0.0 0.00583462594044773
 0.015000 0.0067661839994481165 0.0 0.0067661839994481165
 0.016000 0.0077665619446100065 0.0 0.0077665619446100065
 0.017000 0.008835720282724696 0.0 0.008835720282724696
 0.018000 0.009973616805251884 0.0 0.009973616805251884
 0.019000 0.011180206589985309 0.0 0.011180206589985309
 0.020000 0.012455442002826028 0.0 0.012455442002826028
 0.021000 0.013799272699663715 0.0 0.013799272699663715
 0.022000 0.015211645628363468 0.0 0.015211645628363468
 0.023000 0.01669250503086042 0.0 0.01669250503086042
 0.024000 0.018241792445360863 0.0 0.018241792445360863
 0.025000 0.01985944670865039 0.0 0.01985944670865039
 0.026000 0.021545403958508902 0.0 0.021545403958508902
 0.027000 0.023299597636230934 0.0 0.023299597636230934
 0.028000 0.025121958489253415 0.0 0.025121958489253415
 0.029000 0.02701241457389067 0.0 0.02701241457389067
 0.030000 0.02897089125817298 0.0 0.02897089125817298
 0.031000 0.030997311224794738 0.0 0.030997311224794738
 0.032000 0.03309159447416534 0.0 0.03309159447416534
 0.033000 0.035253658327567994 0.0 0.035253658327567994
 0.034000 0.03748341743042388 0.0 0.03748341743042388
 0.035000 0.03978078375566141 0.0 0.03978078375566141
 0.036000 0.04214566660719199 0.0 0.04214566660719199
 0.037000 0.044577972623490024 0.0 0.044577972623490024
 0.038000 0.04707760578127859 0.0 0.04707760578127859
 0.039000 0.049644467399320547 0.0 0.049644467399320547
 0.040000 0.05227845614231485 0.0 0.05227845614231485
 0.041000 0.05497946802489562 0.0 0.05497946802489562
 0.042000 0.057747396415738755 0.0 0.057747396415738755
 0.043000 0.06058213204177071 0.0 0.06058213204177071
 0.044000 0.063483562992483 0.0 0.063483562992483
 0.045000 0.06645157472434962 0.0 0.06645157472434962
 0.046000 0.06948605006534964 0.0 0.06948605006534964
 0.047000 0.07258686921959229 0.0 0.07258686921959229
 0.048000 0.07575390977204673 0.0 0.07575390977204673
 0.049000 0.07898704669337483 0.0 0.07898704669337483
 0.050000 0.082286152344867 0.0 0.082286152344867
 0.051000 0.0856510964834813 0.0 0.0856510964834813
 0.052000 0.08908174626698445 0.0 0.08908174626698445
 0.053000 0.09257796625919738 0.0 0.09257796625919738
 0.054000 0.09613961843534158 0.0 0.09613961843534158
 0.055000 0.09976656218748708 0.0 0.09976656218748708
 0.056000 0.10345865433010544 0.0 0.10345865433010544
 0.057000 0.10721574910572038 0.0 0.10721574910572038
 0.058000 0.1110376981906635 0.0 0.1110376981906635
 0.059000 0.11492435070092895 0.0 0.11492435070092895
 0.060000 0.11887555319813085 0.0 0.11887555319813085
 0.061000 0.12289114969555995 0.0 0.12289114969555995
 0.062000 0.1269709816643426 0.0 0.1269709816643426
 0.063000 0.13111488803969842 0.0 0.13111488803969842
 0.064000 0.13532270522729914 0.0 0.13532270522729914
 0.065000 0.13959426710972683 0.0 0.13959426710972683
 0.066000 0.143929405053033 0.0 0.143929405053033
 0.067000 0.1483279479133943 0.0 0.1483279479133943
 0.068000 0.1527897220438702 0.0 0.1527897220438702
 0.069000 0.15731455130125757 0.0 0.15731455130125757
 0.070000 0.16190225705304545 0.0 0.16190225705304545
 0.071000 0.16655265818446593 0.0 0.16655265818446593
 0.072000 0.17126557110564503 0.0 0.17126557110564503
 0.073000 0.1760408097588506 0.0 0.1760408097588506
 0.074000 0.18087818562583724 0.0 0.18087818562583724
 0.075000 0.1857775077352884 0.0 0.1857775077352884
 0.076000 0.1907385826703562 0.0 0.1907385826703562
 0.077000 0.19576121457629697 0.0 0.19576121457629697
 0.078000 0.2008452051682033 0.0 0.2008452051682033
 0.079000 0.2059903537388318 0.0 0.2059903537388318
 0.080000 0.2111964571665266 0.0 0.2111964571665266
 0.081000 0.21646330992323873 0.0 0.21646330992323873
 0.082000 0.22179070408263973 0.0 0.22179070408263973
 0.083000 0.22717842932833004 0.0 0.22717842932833004
 0.084000 0.23262627296214247 0.0 0.23262627296214247
 0.085000 0.23813401991253827 0.0 0.23813401991253827
 0.086000 0.24370145274309862 0.0 0.24370145274309862
 0.087000 0.24932835166110848 0.0 0.24932835166110848
 0.088000 0.2550144945262335 0.0 0.2550144945262335
 0.089000 0.2607596568592891 0.0 0.2607596568592891
 0.090000 0.2665636118511044 0.0 0.2665636118511044
 0.091000 0.2724261303714736 0.0 0.2724261303714736
 0.092000 0.278346980978204 0.0 0.278346980978204
 0.093000 0.28432592992625194 0.0 0.28432592992625194
 0.094000 0.2903627411769503 0.0 0.2903627411769503
 0.095000 0.2964571764073279 0.0 0.2964571764073279
 0.096000 0.30260899501951677 0.0 0.30260899501951677
 0.097000 0.3088179541502519 0.0 0.3088179541502519
 0.098000 0.31508380868045854 0.0 0.31508380868045854
 0.099000 0.32140631124492813 0.0 0.32140631124492813
 0.100000 0.32778521224208557 0.0 0.32778521224208557
 0.101000 0.33422025984384196 0.0 0.33422025984384196
 0.102000 0.3407112000055367 0.0 0.3407112000055367
 0.103000 0.3472577764759659 0.0 0.3472577764759659
 0.104000 0.35385973080750055 0.0 0.35385973080750055
 0.105000 0.3605168023662881 0.0 0.3605168023662881
 0.106000 0.36722872834254183 0.0 0.36722872834254183
 0.107000 0.37399524376091686 0.0 0.37399524376091686
 0.108000 0.3808160814909708 0.0 0.3808160814909708
 0.109000 0.387690972257709 0.0 0.387690972257709
 0.110000 0.3946196446522158 0.0 0.3946196446522158
 0.111000 0.4016018251423688 0.0 0.4016018251423688
 0.112000 0.4086372380836378 0.0 0.4086372380836378
 0.113000 0.4157256057299662 0.0 0.4157256057299662
 0.114000 0.42286664824473674 0.0 0.42286664824473674
 0.115000 0.4300600837118184 0.0 0.4300600837118184
 0.116000 0.4373056281466957 0.0 0.4373056281466957
 0.117000 0.44460299550768134 0.0 0.44460299550768134
 0.118000 0.4519518977072064 0.0 0.4519518977072064
 0.119000 0.4593520446231956 0.0 0.4593520446231956
 0.120000 0.46680314411051993 0.0 0.46680314411051993
 0.121000 0.4743049020125298 0.0 0.4743049020125298
 0.122000 0.4818570221726683 0.0 0.4818570221726683
 0.123000 0.48945920644616286 0.0 0.48945920644616286
 0.124000 0.49711115471179534 0.0 0.49711115471179534
 0.125000 0.5048125648837505 0.0 0.5048125648837505
 0.126000 0.5125631329235417 0.0 0.5125631329235417
 0.127000 0.5203625528520139 0.0 0.5203625528520139
 0.128000 0.5282105167614227 0.0 0.5282105167614227
 0.129000 0.5361067148275913 0.0 0.5361067148275913
 0.130000 0.5440508353221402 0.0 0.5440508353221402
 0.131000 0.5520425646247947 0.0 0.5520425646247947
 0.132000 0.5600815872357663 0.0 0.5600815872357663
 0.133000 0.5681675857882071 0.0 0.5681675857882071
 0.134000 0.57630024106074 0.0 0.57630024106074
 0.135000 0.5844792319900596 0.0 0.5844792319900596
 0.136000 0.5927042356836093 0.0 0.5927042356836093
 0.137000 0.6009749274323263 0.0 0.6009749274323263
 0.138000 0.6092909807234623 0.0 0.6092909807234623
 0.139000 0.6176520672534724 0.0 0.6176520672534724
 0.140000 0.6260578569409775 0.0 0.6260578569409775
 0.141000 0.6345080179397932 0.0 0.6345080179397932
 0.142000 0.643002216652032 0.0 0.643002216652032
 0.143000 0.651540117741274 0.0 0.651540117741274
 0.144000 0.660121384145803 0.0 0.660121384145803
 0.145000 0.6687456770919147 0.0 0.6687456770919147
 0.146000 0.6774126561072908 0.0 0.6774126561072908
 0.147000 0.6861219790344404 0.0 0.6861219790344404
 0.148000 0.6948733020442066 0.0 0.6948733020442066
 0.149000 0.7036662796493418 0.0 0.7036662796493418
 0.150000 0.7125005647181462 0.0 0.7125005647181462
 0.151000 0.7213758084881721 0.0 0.7213758084881721
 0.152000 0.7302916605799918 0.0 0.7302916605799918
 0.153000 0.7392477690110316 0.0 0.7392477690110316
 0.154000 0.7482437802094657 0.0 0.7482437802094657
 0.155000 0.7572793390281761 0.0 0.7572793390281761
 0.156000 0.7663540887587714 0.0 0.7663540887587714
 0.157000 0.775467671145671 0.0 0.775467671145671
 0.158000 0.7846197264002472 0.0 0.7846197264002472
 0.159000 0.793809893215029 0.0 0.793809893215029
 0.160000 0.8030378087779672 0.0 0.8030378087779672
 0.161000 0.812303108786756 0.0 0.812303108786756
 0.162000 0.8216054274632151 0.0 0.8216054274632151
 0.163000 0.8309443975677325 0.0 0.8309443975677325
 0.164000 0.8403196504137584 0.0 0.8403196504137584
 0.165000 0.8497308158823638 0.0 0.8497308158823638
 0.166000 0.8591775224368504 0.0 0.8591775224368504
 0.167000 0.8686593971374184 0.0 0.8686593971374184
 0.168000 0.8781760656558911 0.0 0.8781760656558911
 0.169000 0.8877271522904897 0.0 0.8877271522904897
 0.170000 0.8973122799806686 0.0 0.8973122799806686
 0.171000 0.9069310703219984 0.0 0.9069310703219984
 0.172000 0.9165831435811065 0.0 0.9165831435811065
 0.173000 0.9262681187106676 0.0 0.9262681187106676
 0.174000 0.9359856133644476 0.0 0.9359856133644476
 0.175000 0.9457352439123962 0.0 0.9457352439123962
 0.176000 0.9555166254557929 0.0 0.9555166254557929
 0.177000 0.9653293718424433 0.0 0.9653293718424433
 0.178000 0.975173095681922 0.0 0.975173095681922
 0.179000 0.9850474083608672 0.0 0.9850474083608672
 0.180000 0.9949519200583217 0.0 0.9949519200583217
 0.181000 1.004886239761123 0.0 1.004886239761123
 0.182000 1.0148499752793387 0.0 1.0148499752793387
 0.183000 1.0248427332617527 0.0 1.0248427332617527
 0.184000 1.0348641192113888 0.0 1.0348641192113888
 0.185000 1.0449137375010904 0.0 1.0449137375010904
 0.186000 1.054991191389134 0.0 1.054991191389134
 0.187000 1.0650960830348954 0.0 1.0650960830348954
 0.188000 1.075228013514556 0.0 1.075228013514556
 0.189000 1.085386582836848 0.0 1.085386582836848
 0.190000 1.0955713899588493 0.0 1.0955713899588493
 0.191000 1.1057820328018133 0.0 1.1057820328018133
 0.192000 1.1160181082670448 0.0 1.1160181082670448
 0.193000 1.1262792122518113 0.0 1.1262792122518113
 0.194000 1.1365649396652966 0.0 1.1365649396652966
 0.195000 1.1468748844445953 0.0 1.1468748844445953
 0.196000 1.15720863957074 0.0 1.15720863957074
 0.197000 1.1675657970847733 0.0 1.1675657970847733
 0.198000 1.1779459481038508 0.0 1.1779459481038508
 0.199000 1.1883486828373837 0.0 1.1883486828373837
 0.200000 1.1987735906032166 0.0 1.1987735906032166
 0.201000 1.2092202598438422 0.0 1.2092202598438422
 0.202000 1.2196882781426457 0.0 1.2196882781426457
 0.203000 1.230177232240189 0.0 1.230177232240189
 0.204000 1.2406867080505246 0.0 1.2406867080505246
 0.205000 1.251216290677542 0.0 1.251216290677542
 0.206000 1.2617655644313484 0.0 1.2617655644313484
 0.207000 1.2723341128446806 0.0 1.2723341128446806
 0.208000 1.2829215186893426 0.0 1.2829215186893426
 0.209000 1.2935273639926803 0.0 1.2935273639926803
 0.210000 1.3041512300540812 0.0 1.3041512300540812
 0.211000 1.3147926974615038 0.0 1.3147926974615038
 0.212000 1.3254513461080368 0.0 1.3254513461080368
 0.213000 1.3361267552084817 0.0 1.3361267552084817
 0.214000 1.3468185033159663 0.0 1.3468185033159663
 0.215000 1.357526168338583 0.0 1.357526168338583
 0.216000 1.3682493275560503 0.0 1.3682493275560503
 0.217000 1.3789875576364041 0.0 1.3789875576364041
 0.218000 1.3897404346527076 0.0 1.3897404346527076
 0.219000 1.4005075340997877 0.0 1.4005075340997877
 0.220000 1.4112884309109943 0.0 1.4112884309109943
 0.221000 1.4220826994749818 0.0 1.4220826994749818
 0.222000 1.4328899136525095 0.0 1.4328899136525095
 0.223000 1.4437096467932669 0.0 1.4437096467932669
 0.224000 1.4545414717527159 0.0 1.4545414717527159
 0.225000 1.4653849609089535 0.0 1.4653849609089535
 0.226000 1.476239686179596 0.0 1.476239686179596
 0.227000 1.487105219038675 0.0 1.487105219038675
 0.228000 1.4979811305335589 0.0 1.4979811305335589
 0.229000 1.5088669913018835 0.0 1.5088669913018835
 0.230000 1.5197623715885054 0.0 1.5197623715885054
 0.231000 1.5306668412624678 0.0 1.5306668412624678
 0.232000 1.541579969833978 0.0 1.541579969833978
 0.233000 1.5525013264714072 0.0 1.5525013264714072
 0.234000 1.563430480018295 0.0 1.563430480018295
 0.235000 1.574366999010374 0.0 1.574366999010374
 0.236000 1.5853104516925995 0.0 1.5853104516925995
 0.237000 1.5962604060361991 0.0 1.5962604060361991
 0.238000 1.607216429755724 0.0 1.607216429755724
 0.239000 1.6181780903261176 0.0 1.6181780903261176
 0.240000 1.6291449549997894 0.0 1.6291449549997894
 0.241000 1.6401165908237014 0.0 1.6401165908237014
 0.242000 1.651092564656457 0.0 1.651092564656457
 0.243000 1.6620724431854033 0.0 1.6620724431854033
 0.244000 1.6730557929437366 0.0 1.6730557929437366
 0.245000 1.6840421803276142 0.0 1.6840421803276142
 0.246000 1.6950311716132753 0.0 1.6950311716132753
 0.247000 1.7060223329741593 0.0 1.7060223329741593
 0.248000 1.7170152304980357 0.0 1.7170152304980357
 0.249000 1.7280094302041327 0.0 1.7280094302041327
 0.250000 1.7390044980602717 0.0 1.7390044980602717
 0.251000 1.7499999999999998 0.0 1.7499999999999998
 0.252000 1.7609955019397279 0.0 1.7609955019397279
 0.253000 1.771990569795867 0.0 1.771990569795867
 0.254000 1.782984769501964 0.0 1.782984769501964
 0.255000 1.7939776670258403 0.0 1.7939776670258403
 0.256000 1.8049688283867245 0.0 1.8049688283867245
 0.257000 1.8159578196723853 0.0 1.8159578196723853
 0.258000 1.8269442070562634 0.0 1.8269442070562634
 0.259000 1.8379275568145963 0.0 1.8379275568145963
 0.260000 1.8489074353435428 0.0 1.8489074353435428
 0.261000 1.8598834091762986 0.0 1.8598834091762986
 0.262000 1.8708550450002102 0.0 1.8708550450002102
 0.263000 1.881821909673882 0.0 1.881821909673882
 0.264000 1.8927835702442757 0.0 1.8927835702442757
 0.265000 1.9037395939638004 0.0 1.9037395939638004
 0.266000 1.9146895483074 0.0 1.9146895483074
 0.267000 1.9256330009896263 0.0 1.9256330009896263
 0.268000 1.9365695199817048 0.0 1.9365695199817048
 0.269000 1.9474986735285928 0.0 1.9474986735285928
 0.270000 1.9584200301660222 0.0 1.9584200301660222
 0.271000 1.9693331587375325 0.0 1.9693331587375325
 0.272000 1.9802376284114942 0.0 1.9802376284114942
 0.273000 1.9911330086981165 0.0 1.9911330086981165
 0.274000 2.0020188694664416 0.0 2.0020188694664416
 0.275000 2.012894780961325 0.0 2.012894780961325
 0.276000 2.023760313820404 0.0 2.023760313820404
 0.277000 2.0346150390910465 0.0 2.0346150390910465
 0.278000 2.0454585282472846 0.0 2.0454585282472846
 0.279000 2.0562903532067334 0.0 2.0562903532067334
 0.280000 2.067110086347491 0.0 2.067110086347491
 0.281000 2.0779173005250184 0.0 2.0779173005250184
 0.282000 2.0887115690890052 0.0 2.0887115690890052
 0.283000 2.0994924659002123 0.0 2.0994924659002123
 0.284000 2.1102595653472918 0.0 2.1102595653472918
 0.285000 2.121012442363595 0.0 2.121012442363595
 0.286000 2.1317506724439492 0.0 2.1317506724439492
 0.287000 2.1424738316614165 0.0 2.1424738316614165
 0.288000 2.153181496684033 0.0 2.153181496684033
 0.289000 2.1638732447915174 0.0 2.1638732447915174
 0.290000 2.1745486538919625 0.0 2.1745486538919625
 0.291000 2.1852073025384957 0.0 2.1852073025384957
 0.292000 2.195848769945919 0.0 2.195848769945919
 0.293000 2.2064726360073195 0.0 2.2064726360073195
 0.294000 2.2170784813106565 0.0 2.2170784813106565
 0.295000 2.227665887155319 0.0 2.227665887155319
 0.296000 2.238234435568651 0.0 2.238234435568651
 0.297000 2.248783709322458 0.0 2.248783709322458
 0.298000 2.2593132919494754 0.0 2.2593132919494754
 0.299000 2.269822767759811 0.0 2.269822767759811
 0.300000 2.280311721857354 0.0 2.280311721857354
 0.301000 2.2907797401561583 0.0 2.2907797401561583
 0.302000 2.301226409396783 0.0 2.301226409396783
 0.303000 2.311651317162616 0.0 2.311651317162616
 0.304000 2.322054051896149 0.0 2.322054051896149
 0.305000 2.332434202915226 0.0 2.332434202915226
 0.306000 2.34279136042926 0.0 2.34279136042926
 0.307000 2.3531251155554047 0.0 2.3531251155554047
 0.308000 2.3634350603347034 0.0 2.3634350603347034
 0.309000 2.3737207877481885 0.0 2.3737207877481885
 0.310000 2.383981891732955 0.0 2.383981891732955
 0.311000 2.3942179671981862 0.0 2.3942179671981862
 0.312000 2.4044286100411503 0.0 2.4044286100411503
 0.313000 2.4146134171631517 0.0 2.4146134171631517
 0.314000 2.424771986485444 0.0 2.424771986485444
 0.315000 2.4349039169651046 0.0 2.4349039169651046
 0.316000 2.445008808610866 0.0 2.445008808610866
 0.317000 2.45508626249891 0.0 2.45508626249891
 0.318000 2.4651358807886106 0.0 2.4651358807886106
 0.319000 2.475157266738247 0.0 2.475157266738247
 0.320000 2.485150024720661 0.0 2.485150024720661
 0.321000 2.495113760238877 0.0 2.495113760238877
 0.322000 2.5050480799416786 0.0 2.5050480799416786
 0.323000 2.514952591639132 0.0 2.514952591639132
 0.324000 2.5248269043180778 0.0 2.5248269043180778
 0.325000 2.534670628157556 0.0 2.534670628157556
 0.326000 2.544483374544207 0.0 2.544483374544207
 0.327000 2.5542647560876035 0.0 2.5542647560876035
 0.328000 2.5640143866355523 0.0 2.5640143866355523
 0.329000 2.573731881289332 0.0 2.573731881289332
 0.330000 2.5834168564188937 0.0 2.5834168564188937
 0.331000 2.593068929678002 0.0 2.593068929678002
 0.332000 2.602687720019332 0.0 2.602687720019332
 0.333000 2.6122728477095096 0.0 2.6122728477095096
 0.334000 2.6218239343441088 0.0 2.6218239343441088
 0.335000 2.631340602862581 0.0 2.631340602862581
 0.336000 2.64082247756315 0.0 2.64082247756315
 0.337000 2.6502691841176365 0.0 2.6502691841176365
 0.338000 2.6596803495862416 0.0 2.6596803495862416
 0.339000 2.669055602432268 0.0 2.669055602432268
 0.340000 2.6783945725367855 0.0 2.6783945725367855
 0.341000 2.687696891213245 0.0 2.687696891213245
 0.342000 2.6969621912220325 0.0 2.6969621912220325
 0.343000 2.706190106784971 0.0 2.706190106784971
 0.344000 2.7153802735997528 0.0 2.7153802735997528
 0.345000 2.724532328854328 0.0 2.724532328854328
 0.346000 2.7336459112412284 0.0 2.7336459112412284
 0.347000 2.7427206609718233 0.0 2.7427206609718233
 0.348000 2.7517562197905336 0.0 2.7517562197905336
 0.349000 2.760752230988968 0.0 2.760752230988968
 0.350000 2.7697083394200077 0.0 2.7697083394200077
 0.351000 2.7786241915118275 0.0 2.7786241915118275
 0.352000 2.7874994352818536 0.0 2.7874994352818536
 0.353000 2.7963337203506575 0.0 2.7963337203506575
 0.354000 2.8051266979557927 0.0 2.8051266979557927
 0.355000 2.813878020965559 0.0 2.813878020965559
 0.356000 2.8225873438927085 0.0 2.8225873438927085
 0.357000 2.8312543229080847 0.0 2.8312543229080847
 0.358000 2.8398786158541967 0.0 2.8398786158541967
 0.359000 2.8484598822587257 0.0 2.8484598822587257
 0.360000 2.856997783347968 0.0 2.856997783347968
 0.361000 2.865491982060207 0.0 2.865491982060207
 0.362000 2.873942143059023 0.0 2.873942143059023
 0.363000 2.882347932746527 0.0 2.882347932746527
 0.364000 2.8907090192765375 0.0 2.8907090192765375
 0.365000 2.8990250725676736 0.0 2.8990250725676736
 0.366000 2.9072957643163906 0.0 2.9072957643163906
 0.367000 2.9155207680099404 0.0 2.9155207680099404
 0.368000 2.92369975893926 0.0 2.92369975893926
 0.369000 2.931832414211793 0.0 2.931832414211793
 0.370000 2.9399184127642335 0.0 2.9399184127642335
 0.371000 2.9479574353752054 0.0 2.9479574353752054
 0.372000 2.9559491646778593 0.0 2.9559491646778593
 0.373000 2.963893285172408 0.0 2.963893285172408
 0.374000 2.971789483238577 0.0 2.971789483238577
 0.375000 2.979637447147986 0.0 2.979637447147986
 0.376000 2.987436867076458 0.0 2.987436867076458
 0.377000 2.9951874351162493 0.0 2.9951874351162493
 0.378000 3.0028888452882043 0.0 3.0028888452882043
 0.379000 3.010540793553837 0.0 3.010540793553837
 0.380000 3.0181429778273317 0.0 3.0181429778273317
 0.381000 3.02569509798747 0.0 3.02569509798747
 0.382000 3.0331968558894795 0.0 3.0331968558894795
 0.383000 3.040647955376804 0.0 3.040647955376804
 0.384000 3.0480481022927934 0.0 3.0480481022927934
 0.385000 3.0553970044923187 0.0 3.0553970044923187
 0.386000 3.062694371853304 0.0 3.062694371853304
 0.387000 3.069939916288182 0.0 3.069939916288182
 0.388000 3.0771333517552635 0.0 3.0771333517552635
 0.389000 3.0842743942700337 0.0 3.0842743942700337
 0.390000 3.0913627619163617 0.0 3.0913627619163617
 0.391000 3.098398174857631 0.0 3.098398174857631
 0.392000 3.105380355347784 0.0 3.105380355347784
 0.393000 3.112309027742291 0.0 3.112309027742291
 0.394000 3.119183918509029 0.0 3.119183918509029
 0.395000 3.126004756239083 0.0 3.126004756239083
 0.396000 3.1327712716574583 0.0 3.1327712716574583
 0.397000 3.139483197633712 0.0 3.139483197633712
 0.398000 3.1461402691924993 0.0 3.1461402691924993
 0.399000 3.152742223524034 0.0 3.152742223524034
 0.400000 3.159288799994463 0.0 3.159288799994463
 0.401000 3.1657797401561583 0.0 3.1657797401561583
 0.402000 3.1722147877579143 0.0 3.1722147877579143
 0.403000 3.178593688755072 0.0 3.178593688755072
 0.404000 3.184916191319542 0.0 3.184916191319542
 0.405000 3.191182045849748 0.0 3.191182045849748
 0.406000 3.1973910049804832 0.0 3.1973910049804832
 0.407000 3.203542823592672 0.0 3.203542823592672
 0.408000 3.209637258823049 0.0 3.209637258823049
 0.409000 3.215674070073748 0.0 3.215674070073748
 0.410000 3.221653019021796 0.0 3.221653019021796
 0.411000 3.227573869628526 0.0 3.227573869628526
 0.412000 3.233436388148895 0.0 3.233436388148895
 0.413000 3.2392403431407106 0.0 3.2392403431407106
 0.414000 3.2449855054737666 0.0 3.2449855054737666
 0.415000 3.250671648338891 0.0 3.250671648338891
 0.416000 3.2562985472569013 0.0 3.2562985472569013
 0.417000 3.261865980087462 0.0 3.261865980087462
 0.418000 3.2673737270378576 0.0 3.2673737270378576
 0.419000 3.27282157067167 0.0 3.27282157067167
 0.420000 3.27820929591736 0.0 3.27820929591736
 0.421000 3.283536690076761 0.0 3.283536690076761
 0.422000 3.288803542833473 0.0 3.288803542833473
 0.423000 3.294009646261168 0.0 3.294009646261168
 0.424000 3.2991547948317965 0.0 3.2991547948317965
 0.425000 3.3042387854237028 0.0 3.3042387854237028
 0.426000 3.3092614173296435 0.0 3.3092614173296435
 0.427000 3.3142224922647117 0.0 3.3142224922647117
 0.428000 3.3191218143741628 0.0 3.3191218143741628
 0.429000 3.3239591902411494 0.0 3.3239591902411494
 0.430000 3.3287344288943546 0.0 3.3287344288943546
 0.431000 3.3334473418155337 0.0 3.3334473418155337
 0.432000 3.3380977429469545 0.0 3.3380977429469545
 0.433000 3.3426854486987425 0.0 3.3426854486987425
 0.434000 3.34721027795613 0.0 3.34721027795613
 0.435000 3.351672052086606 0.0 3.351672052086606
 0.436000 3.3560705949469667 0.0 3.3560705949469667
 0.437000 3.360405732890273 0.0 3.360405732890273
 0.438000 3.364677294772701 0.0 3.364677294772701
 0.439000 3.368885111960301 0.0 3.368885111960301
 0.440000 3.3730290183356573 0.0 3.3730290183356573
 0.441000 3.37710885030444 0.0 3.37710885030444
 0.442000 3.381124446801869 0.0 3.381124446801869
 0.443000 3.385075649299071 0.0 3.385075649299071
 0.444000 3.3889623018093364 0.0 3.3889623018093364
 0.445000 3.39278425089428 0.0 3.39278425089428
 0.446000 3.3965413456698945 0.0 3.3965413456698945
 0.447000 3.400233437812513 0.0 3.400233437812513
 0.448000 3.4038603815646584 0.0 3.4038603815646584
 0.449000 3.407422033740802 0.0 3.407422033740802
 0.450000 3.410918253733015 0.0 3.410918253733015
 0.451000 3.414348903516519 0.0 3.414348903516519
 0.452000 3.4177138476551328 0.0 3.4177138476551328
 0.453000 3.4210129533066254 0.0 3.4210129533066254
 0.454000 3.4242460902279532 0.0 3.4242460902279532
 0.455000 3.4274131307804083 0.0 3.4274131307804083
 0.456000 3.4305139499346504 0.0 3.4305139499346504
 0.457000 3.4335484252756503 0.0 3.4335484252756503
 0.458000 3.436516437007517 0.0 3.436516437007517
 0.459000 3.4394178679582295 0.0 3.4394178679582295
 0.460000 3.4422526035842615 0.0 3.4422526035842615
 0.461000 3.4450205319751044 0.0 3.4450205319751044
 0.462000 3.447721543857685 0.0 3.447721543857685
 0.463000 3.4503555326006796 0.0 3.4503555326006796
 0.464000 3.4529223942187217 0.0 3.4529223942187217
 0.465000 3.4554220273765104 0.0 3.4554220273765104
 0.466000 3.457854333392808 0.0 3.457854333392808
 0.467000 3.4602192162443384 0.0 3.4602192162443384
 0.468000 3.462516582569576 0.0 3.462516582569576
 0.469000 3.464746341672432 0.0 3.464746341672432
 0.470000 3.4669084055258343 0.0 3.4669084055258343
 0.471000 3.469002688775205 0.0 3.469002688775205
 0.472000 3.471029108741827 0.0 3.471029108741827
 0.473000 3.4729875854261096 0.0 3.4729875854261096
 0.474000 3.4748780415107468 0.0 3.4748780415107468
 0.475000 3.476700402363769 0.0 3.476700402363769
 0.476000 3.478454596041491 0.0 3.478454596041491
 0.477000 3.480140553291349 0.0 3.480140553291349
 0.478000 3.481758207554639 0.0 3.481758207554639
 0.479000 3.4833074949691394 0.0 3.4833074949691394
 0.480000 3.484788354371636 0.0 3.484788354371636
 0.481000 3.486200727300336 0.0 3.486200727300336
 0.482000 3.4875445579971736 0.0 3.4875445579971736
 0.483000 3.4888197934100145 0.0 3.4888197934100145
 0.484000 3.4900263831947482 0.0 3.4900263831947482
 0.485000 3.4911642797172755 0.0 3.4911642797172755
 0.486000 3.49223343805539 0.0 3.49223343805539
 0.487000 3.493233816000552 0.0 3.493233816000552
 0.488000 3.494165374059552 0.0 3.494165374059552
 0.489000 3.4950280754560743 0.0 3.4950280754560743
 0.490000 3.495821886132144 0.0 3.495821886132144
 0.491000 3.496546774749475 0.0 3.496546774749475
 0.492000 3.4972027126907066 0.0 3.4972027126907066
 0.493000 3.497789674060531 0.0 3.497789674060531
 0.494000 3.4983076356867184 0.0 3.4983076356867184
 0.495000 3.498756577121031 0.0 3.498756577121031
 0.496000 3.4991364806400305 0.0 3.4991364806400305
 0.497000 3.499447331245775 0.0 3.499447331245775
 0.498000 3.4996891166664157 0.0 3.4996891166664157
 0.499000 3.4998618273566784 0.0 3.4998618273566784
 0.500000 3.4999654564982396 0.0 3.4999654564982396
 0.501000 3.5 0.0 3.5
 0.502000 3.4999654564982396 0.0 3.4999654564982396
 0.503000 3.4998618273566784 0.0 3.4998618273566784
 0.504000 3.4996891166664157 0.0 3.4996891166664157
 0.505000 3.499447331245775 0.0 3.499447331245775
 0.506000 3.4991364806400305 0.0 3.4991364806400305
 0.507000 3.498756577121031 0.0 3.498756577121031
 0.508000 3.4983076356867184 0.0 3.4983076356867184
 0.509000 3.497789674060531 0.0 3.497789674060531
 0.510000 3.4972027126907066 0.0 3.4972027126907066
 0.511000 3.496546774749475 0.0 3.496546774749475
 0.512000 3.495821886132144 0.0 3.495821886132144
 0.513000 3.4950280754560743 0.0 3.4950280754560743
 0.514000 3.494165374059552 0.0 3.494165374059552
 0.515000 3.493233816000552 0.0 3.493233816000552
 0.516000 3.49223343805539 0.0 3.49223343805539
 0.517000 3.4911642797172755 0.0 3.4911642797172755
 0.518000 3.4900263831947482 0.0 3.4900263831947482
 0.519000 3.4888197934100145 0.0 3.4888197934100145
 0.520000 3.4875445579971736 0.0 3.4875445579971736
 0.521000 3.4862007273003366 0.0 3.4862007273003366
 0.522000 3.4847883543716365 0.0 3.4847883543716365
 0.523000 3.4833074949691394 0.0 3.4833074949691394
 0.524000 3.481758207554639 0.0 3.481758207554639
 0.525000 3.480140553291349 0.0 3.480140553291349
 0.526000 3.478454596041491 0.0 3.478454596041491
 0.527000 3.476700402363769 0.0 3.476700402363769
 0.528000 3.4748780415107468 0.0 3.4748780415107468
 0.529000 3.4729875854261096 0.0 3.4729875854261096
 0.530000 3.471029108741827 0.0 3.471029108741827
 0.531000 3.469002688775205 0.0 3.469002688775205
 0.532000 3.4669084055258343 0.0 3.4669084055258343
 0.533000 3.464746341672432 0.0 3.464746341672432
 0.534000 3.4625165825695765 0.0 3.4625165825695765
 0.535000 3.4602192162443384 0.0 3.4602192162443384
 0.536000 3.457854333392808 0.0 3.457854333392808
 0.537000 3.4554220273765104 0.0 3.4554220273765104
 0.538000 3.4529223942187217 0.0 3.4529223942187217
 0.539000 3.450355532600679 0.0 3.450355532600679
 0.540000 3.447721543857685 0.0 3.447721543857685
 0.541000 3.4450205319751044 0.0 3.4450205319751044
 0.542000 3.4422526035842615 0.0 3.4422526035842615
 0.543000 3.4394178679582295 0.0 3.4394178679582295
 0.544000 3.4365164370075174 0.0 3.4365164370075174
 0.545000 3.4335484252756503 0.0 3.4335484252756503
 0.546000 3.4305139499346504 0.0 3.4305139499346504
 0.547000 3.427413130780408 0.0 3.427413130780408
 0.548000 3.4242460902279532 0.0 3.4242460902279532
 0.549000 3.4210129533066254 0.0 3.4210129533066254
 0.550000 3.4177138476551328 0.0 3.4177138476551328
 0.551000 3.414348903516519 0.0 3.414348903516519
 0.552000 3.410918253733015 0.0 3.410918253733015
 0.553000 3.4074220337408025 0.0 3.4074220337408025
 0.554000 3.4038603815646584 0.0 3.4038603815646584
 0.555000 3.4002334378125125 0.0 3.4002334378125125
 0.556000 3.3965413456698945 0.0 3.3965413456698945
 0.557000 3.39278425089428 0.0 3.39278425089428
 0.558000 3.3889623018093364 0.0 3.3889623018093364
 0.559000 3.385075649299071 0.0 3.385075649299071
 0.560000 3.381124446801869 0.0 3.381124446801869
 0.561000 3.37710885030444 0.0 3.37710885030444
 0.562000 3.3730290183356573 0.0 3.3730290183356573
 0.563000 3.368885111960301 0.0 3.368885111960301
 0.564000 3.364677294772701 0.0 3.364677294772701
 0.565000 3.3604057328902734 0.0 3.3604057328902734
 0.566000 3.3560705949469676 0.0 3.3560705949469676
 0.567000 3.3516720520866063 0.0 3.3516720520866063
 0.568000 3.3472102779561306 0.0 3.3472102779561306
 0.569000 3.342685448698743 0.0 3.342685448698743
 0.570000 3.338097742946955 0.0 3.338097742946955
 0.571000 3.333447341815534 0.0 3.333447341815534
 0.572000 3.328734428894355 0.0 3.328734428894355
 0.573000 3.3239591902411494 0.0 3.3239591902411494
 0.574000 3.3191218143741628 0.0 3.3191218143741628
 0.575000 3.314222492264712 0.0 3.314222492264712
 0.576000 3.3092614173296444 0.0 3.3092614173296444
 0.577000 3.3042387854237036 0.0 3.3042387854237036
 0.578000 3.299154794831797 0.0 3.299154794831797
 0.579000 3.2940096462611685 0.0 3.2940096462611685
 0.580000 3.288803542833474 0.0 3.288803542833474
 0.581000 3.2835366900767613 0.0 3.2835366900767613
 0.582000 3.2782092959173608 0.0 3.2782092959173608
 0.583000 3.2728215706716703 0.0 3.2728215706716703
 0.584000 3.2673737270378576 0.0 3.2673737270378576
 0.585000 3.261865980087462 0.0 3.261865980087462
 0.586000 3.2562985472569017 0.0 3.2562985472569017
 0.587000 3.2506716483388916 0.0 3.2506716483388916
 0.588000 3.244985505473767 0.0 3.244985505473767
 0.589000 3.239240343140711 0.0 3.239240343140711
 0.590000 3.2334363881488954 0.0 3.2334363881488954
 0.591000 3.227573869628527 0.0 3.227573869628527
 0.592000 3.221653019021796 0.0 3.221653019021796
 0.593000 3.2156740700737485 0.0 3.2156740700737485
 0.594000 3.20963725882305 0.0 3.20963725882305
 0.595000 3.2035428235926724 0.0 3.2035428235926724
 0.596000 3.1973910049804837 0.0 3.1973910049804837
 0.597000 3.1911820458497484 0.0 3.1911820458497484
 0.598000 3.184916191319542 0.0 3.184916191319542
 0.599000 3.178593688755072 0.0 3.178593688755072
 0.600000 3.1722147877579148 0.0 3.1722147877579148
 0.601000 3.1657797401561583 0.0 3.1657797401561583
 0.602000 3.1592887999944637 0.0 3.1592887999944637
 0.603000 3.1527422235240343 0.0 3.1527422235240343
 0.604000 3.1461402691925 0.0 3.1461402691925
 0.605000 3.1394831976337123 0.0 3.1394831976337123
 0.606000 3.1327712716574587 0.0 3.1327712716574587
 0.607000 3.1260047562390834 0.0 3.1260047562390834
 0.608000 3.1191839185090293 0.0 3.1191839185090293
 0.609000 3.1123090277422913 0.0 3.1123090277422913
 0.610000 3.1053803553477843 0.0 3.1053803553477843
 0.611000 3.098398174857631 0.0 3.098398174857631
 0.612000 3.091362761916362 0.0 3.091362761916362
 0.613000 3.084274394270034 0.0 3.084274394270034
 0.614000 3.0771333517552635 0.0 3.0771333517552635
 0.615000 3.069939916288182 0.0 3.069939916288182
 0.616000 3.062694371853304 0.0 3.062694371853304
 0.617000 3.0553970044923187 0.0 3.0553970044923187
 0.618000 3.048048102292794 0.0 3.048048102292794
 0.619000 3.040647955376804 0.0 3.040647955376804
 0.620000 3.0331968558894804 0.0 3.0331968558894804
 0.621000 3.0256950979874704 0.0 3.0256950979874704
 0.622000 3.018142977827332 0.0 3.018142977827332
 0.623000 3.0105407935538375 0.0 3.0105407935538375
 0.624000 3.0028888452882048 0.0 3.0028888452882048
 0.625000 2.9951874351162497 0.0 2.9951874351162497
 0.626000 2.9874368670764584 0.0 2.9874368670764584
 0.627000 2.9796374471479865 0.0 2.9796374471479865
 0.628000 2.9717894832385774 0.0 2.9717894832385774
 0.629000 2.9638932851724085 0.0 2.9638932851724085
 0.630000 2.9559491646778597 0.0 2.9559491646778597
 0.631000 2.947957435375206 0.0 2.947957435375206
 0.632000 2.939918412764234 0.0 2.939918412764234
 0.633000 2.931832414211793 0.0 2.931832414211793
 0.634000 2.9236997589392604 0.0 2.9236997589392604
 0.635000 2.9155207680099404 0.0 2.9155207680099404
 0.636000 2.9072957643163906 0.0 2.9072957643163906
 0.637000 2.8990250725676736 0.0 2.8990250725676736
 0.638000 2.8907090192765383 0.0 2.8907090192765383
 0.639000 2.8823479327465273 0.0 2.8823479327465273
 0.640000 2.8739421430590233 0.0 2.8739421430590233
 0.641000 2.8654919820602065 0.0 2.8654919820602065
 0.642000 2.856997783347968 0.0 2.856997783347968
 0.643000 2.8484598822587253 0.0 2.8484598822587253
 0.644000 2.839878615854197 0.0 2.839878615854197
 0.645000 2.8312543229080855 0.0 2.8312543229080855
 0.646000 2.822587343892709 0.0 2.822587343892709
 0.647000 2.81387802096556 0.0 2.81387802096556
 0.648000 2.805126697955793 0.0 2.805126697955793
 0.649000 2.7963337203506584 0.0 2.7963337203506584
 0.650000 2.787499435281853 0.0 2.787499435281853
 0.651000 2.7786241915118284 0.0 2.7786241915118284
 0.652000 2.7697083394200077 0.0 2.7697083394200077
 0.653000 2.760752230988968 0.0 2.760752230988968
 0.654000 2.7517562197905345 0.0 2.7517562197905345
 0.655000 2.7427206609718238 0.0 2.7427206609718238
 0.656000 2.733645911241229 0.0 2.733645911241229
 0.657000 2.7245323288543286 0.0 2.7245323288543286
 0.658000 2.715380273599753 0.0 2.715380273599753
 0.659000 2.7061901067849705 0.0 2.7061901067849705
 0.660000 2.6969621912220325 0.0 2.6969621912220325
 0.661000 2.6876968912132435 0.0 2.6876968912132435
 0.662000 2.6783945725367846 0.0 2.6783945725367846
 0.663000 2.669055602432267 0.0 2.669055602432267
 0.664000 2.6596803495862416 0.0 2.6596803495862416
 0.665000 2.650269184117637 0.0 2.650269184117637
 0.666000 2.6408224775631495 0.0 2.6408224775631495
 0.667000 2.631340602862582 0.0 2.631340602862582
 0.668000 2.6218239343441083 0.0 2.6218239343441083
 0.669000 2.6122728477095105 0.0 2.6122728477095105
 0.670000 2.602687720019331 0.0 2.602687720019331
 0.671000 2.593068929678002 0.0 2.593068929678002
 0.672000 2.583416856418893 0.0 2.583416856418893
 0.673000 2.5737318812893317 0.0 2.5737318812893317
 0.674000 2.5640143866355527 0.0 2.5640143866355527
 0.675000 2.554264756087603 0.0 2.554264756087603
 0.676000 2.5444833745442073 0.0 2.5444833745442073
 0.677000 2.5346706281575555 0.0 2.5346706281575555
 0.678000 2.5248269043180778 0.0 2.5248269043180778
 0.679000 2.5149525916391315 0.0 2.5149525916391315
 0.680000 2.505048079941678 0.0 2.505048079941678
 0.681000 2.495113760238876 0.0 2.495113760238876
 0.682000 2.485150024720661 0.0 2.485150024720661
 0.683000 2.4751572667382478 0.0 2.4751572667382478
 0.684000 2.46513588078861 0.0 2.46513588078861
 0.685000 2.45508626249891 0.0 2.45508626249891
 0.686000 2.4450088086108654 0.0 2.4450088086108654
 0.687000 2.4349039169651046 0.0 2.4349039169651046
 0.688000 2.424771986485443 0.0 2.424771986485443
 0.689000 2.4146134171631535 0.0 2.4146134171631535
 0.690000 2.404428610041151 0.0 2.404428610041151
 0.691000 2.3942179671981876 0.0 2.3942179671981876
 0.692000 2.383981891732955 0.0 2.383981891732955
 0.693000 2.37372078774819 0.0 2.37372078774819
 0.694000 2.3634350603347034 0.0 2.3634350603347034
 0.695000 2.3531251155554056 0.0 2.3531251155554056
 0.696000 2.3427913604292616 0.0 2.3427913604292616
 0.697000 2.332434202915227 0.0 2.332434202915227
 0.698000 2.3220540518961506 0.0 2.3220540518961506
 0.699000 2.3116513171626174 0.0 2.3116513171626174
 0.700000 2.3012264093967847 0.0 2.3012264093967847
 0.701000 2.2907797401561583 0.0 2.2907797401561583
 0.702000 2.2803117218573554 0.0 2.2803117218573554
 0.703000 2.2698227677598113 0.0 2.2698227677598113
 0.704000 2.2593132919494763 0.0 2.2593132919494763
 0.705000 2.24878370932246 0.0 2.24878370932246
 0.706000 2.2382344355686516 0.0 2.2382344355686516
 0.707000 2.2276658871553203 0.0 2.2276658871553203
 0.708000 2.2170784813106574 0.0 2.2170784813106574
 0.709000 2.206472636007321 0.0 2.206472636007321
 0.710000 2.1958487699459193 0.0 2.1958487699459193
 0.711000 2.1852073025384966 0.0 2.1852073025384966
 0.712000 2.174548653891963 0.0 2.174548653891963
 0.713000 2.1638732447915188 0.0 2.1638732447915188
 0.714000 2.153181496684035 0.0 2.153181496684035
 0.715000 2.142473831661418 0.0 2.142473831661418
 0.716000 2.1317506724439506 0.0 2.1317506724439506
 0.717000 2.121012442363596 0.0 2.121012442363596
 0.718000 2.110259565347293 0.0 2.110259565347293
 0.719000 2.0994924659002123 0.0 2.0994924659002123
 0.720000 2.088711569089006 0.0 2.088711569089006
 0.721000 2.077917300525018 0.0 2.077917300525018
 0.722000 2.0671100863474914 0.0 2.0671100863474914
 0.723000 2.056290353206733 0.0 2.056290353206733
 0.724000 2.045458528247285 0.0 2.045458528247285
 0.725000 2.034615039091048 0.0 2.034615039091048
 0.726000 2.023760313820404 0.0 2.023760313820404
 0.727000 2.0128947809613256 0.0 2.0128947809613256
 0.728000 2.0020188694664416 0.0 2.0020188694664416
 0.729000 1.9911330086981174 0.0 1.9911330086981174
 0.730000 1.9802376284114946 0.0 1.9802376284114946
 0.731000 1.9693331587375331 0.0 1.9693331587375331
 0.732000 1.9584200301660217 0.0 1.9584200301660217
 0.733000 1.9474986735285933 0.0 1.9474986735285933
 0.734000 1.9365695199817061 0.0 1.9365695199817061
 0.735000 1.9256330009896263 0.0 1.9256330009896263
 0.736000 1.914689548307401 0.0 1.914689548307401
 0.737000 1.9037395939638004 0.0 1.9037395939638004
 0.738000 1.8927835702442763 0.0 1.8927835702442763
 0.739000 1.881821909673882 0.0 1.881821909673882
 0.740000 1.8708550450002106 0.0 1.8708550450002106
 0.741000 1.8598834091762981 0.0 1.8598834091762981
 0.742000 1.8489074353435433 0.0 1.8489074353435433
 0.743000 1.837927556814598 0.0 1.837927556814598
 0.744000 1.8269442070562638 0.0 1.8269442070562638
 0.745000 1.8159578196723862 0.0 1.8159578196723862
 0.746000 1.8049688283867245 0.0 1.8049688283867245
 0.747000 1.7939776670258412 0.0 1.7939776670258412
 0.748000 1.782984769501964 0.0 1.782984769501964
 0.749000 1.7719905697958676 0.0 1.7719905697958676
 0.750000 1.7609955019397279 0.0 1.7609955019397279
 0.751000 1.7500000000000004 0.0 1.7500000000000004
 0.752000 1.7390044980602728 0.0 1.7390044980602728
 0.753000 1.7280094302041331 0.0 1.7280094302041331
 0.754000 1.7170152304980364 0.0 1.7170152304980364
 0.755000 1.7060223329741593 0.0 1.7060223329741593
 0.756000 1.695031171613276 0.0 1.695031171613276
 0.757000 1.6840421803276144 0.0 1.6840421803276144
 0.758000 1.6730557929437369 0.0 1.6730557929437369
 0.759000 1.6620724431854028 0.0 1.6620724431854028
 0.760000 1.6510925646564574 0.0 1.6510925646564574
 0.761000 1.6401165908237025 0.0 1.6401165908237025
 0.762000 1.62914495499979 0.0 1.62914495499979
 0.763000 1.6181780903261185 0.0 1.6181780903261185
 0.764000 1.607216429755724 0.0 1.607216429755724
 0.765000 1.5962604060362 0.0 1.5962604060362
 0.766000 1.5853104516925995 0.0 1.5853104516925995
 0.767000 1.5743669990103744 0.0 1.5743669990103744
 0.768000 1.5634304800182948 0.0 1.5634304800182948
 0.769000 1.5525013264714072 0.0 1.5525013264714072
 0.770000 1.5415799698339787 0.0 1.5415799698339787
 0.771000 1.5306668412624675 0.0 1.5306668412624675
 0.772000 1.5197623715885062 0.0 1.5197623715885062
 0.773000 1.508866991301883 0.0 1.508866991301883
 0.774000 1.4979811305335593 0.0 1.4979811305335593
 0.775000 1.4871052190386749 0.0 1.4871052190386749
 0.776000 1.4762396861795963 0.0 1.4762396861795963
 0.777000 1.465384960908953 0.0 1.465384960908953
 0.778000 1.4545414717527159 0.0 1.4545414717527159
 0.779000 1.4437096467932677 0.0 1.4437096467932677
 0.780000 1.4328899136525095 0.0 1.4328899136525095
 0.781000 1.4220826994749824 0.0 1.4220826994749824
 0.782000 1.4112884309109943 0.0 1.4112884309109943
 0.783000 1.4005075340997883 0.0 1.4005075340997883
 0.784000 1.3897404346527071 0.0 1.3897404346527071
 0.785000 1.3789875576364046 0.0 1.3789875576364046
 0.786000 1.3682493275560499 0.0 1.3682493275560499
 0.787000 1.357526168338583 0.0 1.357526168338583
 0.788000 1.3468185033159656 0.0 1.3468185033159656
 0.789000 1.3361267552084817 0.0 1.3361267552084817
 0.790000 1.3254513461080375 0.0 1.3254513461080375
 0.791000 1.3147926974615038 0.0 1.3147926974615038
 0.792000 1.3041512300540816 0.0 1.3041512300540816
 0.793000 1.2935273639926799 0.0 1.2935273639926799
 0.794000 1.282921518689343 0.0 1.282921518689343
 0.795000 1.2723341128446803 0.0 1.2723341128446803
 0.796000 1.261765564431349 0.0 1.261765564431349
 0.797000 1.251216290677541 0.0 1.251216290677541
 0.798000 1.2406867080505242 0.0 1.2406867080505242
 0.799000 1.2301772322401894 0.0 1.2301772322401894
 0.800000 1.2196882781426452 0.0 1.2196882781426452
 0.801000 1.2092202598438424 0.0 1.2092202598438424
 0.802000 1.198773590603216 0.0 1.198773590603216
 0.803000 1.1883486828373835 0.0 1.1883486828373835
 0.804000 1.1779459481038501 0.0 1.1779459481038501
 0.805000 1.1675657970847733 0.0 1.1675657970847733
 0.806000 1.1572086395707393 0.0 1.1572086395707393
 0.807000 1.1468748844445948 0.0 1.1468748844445948
 0.808000 1.1365649396652973 0.0 1.1365649396652973
 0.809000 1.126279212251811 0.0 1.126279212251811
 0.810000 1.1160181082670453 0.0 1.1160181082670453
 0.811000 1.105782032801813 0.0 1.105782032801813
 0.812000 1.0955713899588493 0.0 1.0955713899588493
 0.813000 1.0853865828368474 0.0 1.0853865828368474
 0.814000 1.0752280135145573 0.0 1.0752280135145573
 0.815000 1.0650960830348963 0.0 1.0650960830348963
 0.816000 1.054991191389135 0.0 1.054991191389135
 0.817000 1.0449137375010906 0.0 1.0449137375010906
 0.818000 1.03486411921139 0.0 1.03486411921139
 0.819000 1.024842733261753 0.0 1.024842733261753
 0.820000 1.0148499752793398 0.0 1.0148499752793398
 0.821000 1.0048862397611245 0.0 1.0048862397611245
 0.822000 0.9949519200583223 0.0 0.9949519200583223
 0.823000 0.9850474083608687 0.0 0.9850474083608687
 0.824000 0.9751730956819227 0.0 0.9751730956819227
 0.825000 0.9653293718424447 0.0 0.9653293718424447
 0.826000 0.9555166254557934 0.0 0.9555166254557934
 0.827000 0.9457352439123972 0.0 0.9457352439123972
 0.828000 0.9359856133644481 0.0 0.9359856133644481
 0.829000 0.9262681187106687 0.0 0.9262681187106687
 0.830000 0.9165831435811079 0.0 0.9165831435811079
 0.831000 0.9069310703219988 0.0 0.9069310703219988
 0.832000 0.8973122799806696 0.0 0.8973122799806696
 0.833000 0.8877271522904902 0.0 0.8877271522904902
 0.834000 0.8781760656558919 0.0 0.8781760656558919
 0.835000 0.8686593971374188 0.0 0.8686593971374188
 0.836000 0.859177522436851 0.0 0.859177522436851
 0.837000 0.8497308158823638 0.0 0.8497308158823638
 0.838000 0.8403196504137591 0.0 0.8403196504137591
 0.839000 0.8309443975677339 0.0 0.8309443975677339
 0.840000 0.821605427463216 0.0 0.821605427463216
 0.841000 0.812303108786757 0.0 0.812303108786757
 0.842000 0.8030378087779676 0.0 0.8030378087779676
 0.843000 0.79380989321503 0.0 0.79380989321503
 0.844000 0.7846197264002472 0.0 0.7846197264002472
 0.845000 0.7754676711456716 0.0 0.7754676711456716
 0.846000 0.7663540887587714 0.0 0.7663540887587714
 0.847000 0.7572793390281767 0.0 0.7572793390281767
 0.848000 0.7482437802094657 0.0 0.7482437802094657
 0.849000 0.7392477690110322 0.0 0.7392477690110322
 0.850000 0.730291660579993 0.0 0.730291660579993
 0.851000 0.7213758084881724 0.0 0.7213758084881724
 0.852000 0.7125005647181472 0.0 0.7125005647181472
 0.853000 0.703666279649342 0.0 0.703666279649342
 0.854000 0.6948733020442074 0.0 0.6948733020442074
 0.855000 0.6861219790344406 0.0 0.6861219790344406
 0.856000 0.6774126561072917 0.0 0.6774126561072917
 0.857000 0.6687456770919147 0.0 0.6687456770919147
 0.858000 0.6601213841458036 0.0 0.6601213841458036
 0.859000 0.6515401177412752 0.0 0.6515401177412752
 0.860000 0.6430022166520324 0.0 0.6430022166520324
 0.861000 0.6345080179397937 0.0 0.6345080179397937
 0.862000 0.6260578569409775 0.0 0.6260578569409775
 0.863000 0.617652067253473 0.0 0.617652067253473
 0.864000 0.6092909807234621 0.0 0.6092909807234621
 0.865000 0.6009749274323266 0.0 0.6009749274323266
 0.866000 0.5927042356836091 0.0 0.5927042356836091
 0.867000 0.58447923199006 0.0 0.58447923199006
 0.868000 0.5763002410607407 0.0 0.5763002410607407
 0.869000 0.5681675857882074 0.0 0.5681675857882074
 0.870000 0.5600815872357672 0.0 0.5600815872357672
 0.871000 0.552042564624795 0.0 0.552042564624795
 0.872000 0.5440508353221407 0.0 0.5440508353221407
 0.873000 0.5361067148275912 0.0 0.5361067148275912
 0.874000 0.5282105167614233 0.0 0.5282105167614233
 0.875000 0.5203625528520137 0.0 0.5203625528520137
 0.876000 0.5125631329235422 0.0 0.5125631329235422
 0.877000 0.5048125648837514 0.0 0.5048125648837514
 0.878000 0.49711115471179557 0.0 0.49711115471179557
 0.879000 0.4894592064461635 0.0 0.4894592064461635
 0.880000 0.4818570221726683 0.0 0.4818570221726683
 0.881000 0.4743049020125304 0.0 0.4743049020125304
 0.882000 0.4668031441105197 0.0 0.4668031441105197
 0.883000 0.459352044623196 0.0 0.459352044623196
 0.884000 0.45195189770720623 0.0 0.45195189770720623
 0.885000 0.4446029955076815 0.0 0.4446029955076815
 0.886000 0.4373056281466965 0.0 0.4373056281466965
 0.887000 0.4300600837118184 0.0 0.4300600837118184
 0.888000 0.4228666482447373 0.0 0.4228666482447373
 0.889000 0.4157256057299662 0.0 0.4157256057299662
 0.890000 0.40863723808363817 0.0 0.40863723808363817
 0.891000 0.40160182514236864 0.0 0.40160182514236864
 0.892000 0.3946196446522162 0.0 0.3946196446522162
 0.893000 0.38769097225770877 0.0 0.38769097225770877
 0.894000 0.380816081490971 0.0 0.380816081490971
 0.895000 0.3739952437609175 0.0 0.3739952437609175
 0.896000 0.36722872834254194 0.0 0.36722872834254194
 0.897000 0.3605168023662887 0.0 0.3605168023662887
 0.898000 0.35385973080750077 0.0 0.35385973080750077
 0.899000 0.3472577764759663 0.0 0.3472577764759663
 0.900000 0.3407112000055365 0.0 0.3407112000055365
 0.901000 0.3342202598438422 0.0 0.3342202598438422
 0.902000 0.3277852122420854 0.0 0.3277852122420854
 0.903000 0.3214063112449283 0.0 0.3214063112449283
 0.904000 0.31508380868045893 0.0 0.31508380868045893
 0.905000 0.3088179541502519 0.0 0.3088179541502519
 0.906000 0.3026089950195172 0.0 0.3026089950195172
 0.907000 0.2964571764073278 0.0 0.2964571764073278
 0.908000 0.2903627411769507 0.0 0.2903627411769507
 0.909000 0.2843259299262517 0.0 0.2843259299262517
 0.910000 0.2783469809782042 0.0 0.2783469809782042
 0.911000 0.27242613037147345 0.0 0.27242613037147345
 0.912000 0.26656361185110433 0.0 0.26656361185110433
 0.913000 0.2607596568592889 0.0 0.2607596568592889
 0.914000 0.2550144945262335 0.0 0.2550144945262335
 0.915000 0.24932835166110884 0.0 0.24932835166110884
 0.916000 0.24370145274309843 0.0 0.24370145274309843
 0.917000 0.23813401991253846 0.0 0.23813401991253846
 0.918000 0.23262627296214225 0.0 0.23262627296214225
 0.919000 0.22717842932833024 0.0 0.22717842932833024
 0.920000 0.22179070408263934 0.0 0.22179070408263934
 0.921000 0.21646330992323873 0.0 0.21646330992323873
 0.922000 0.2111964571665262 0.0 0.2111964571665262
 0.923000 0.20599035373883176 0.0 0.20599035373883176
 0.924000 0.2008452051682037 0.0 0.2008452051682037
 0.925000 0.19576121457629697 0.0 0.19576121457629697
 0.926000 0.19073858267035637 0.0 0.19073858267035637
 0.927000 0.1857775077352882 0.0 0.1857775077352882
 0.928000 0.1808781856258374 0.0 0.1808781856258374
 0.929000 0.17604080975885042 0.0 0.17604080975885042
 0.930000 0.17126557110564503 0.0 0.17126557110564503
 0.931000 0.16655265818446555 0.0 0.16655265818446555
 0.932000 0.16190225705304526 0.0 0.16190225705304526
 0.933000 0.1573145513012578 0.0 0.1573145513012578
 0.934000 0.15278972204386998 0.0 0.15278972204386998
 0.935000 0.14832794791339432 0.0 0.14832794791339432
 0.936000 0.1439294050530328 0.0 0.1439294050530328
 0.937000 0.13959426710972703 0.0 0.13959426710972703
 0.938000 0.13532270522729875 0.0 0.13532270522729875
 0.939000 0.131114888039699 0.0 0.131114888039699
 0.940000 0.12697098166434298 0.0 0.12697098166434298
 0.941000 0.12289114969556053 0.0 0.12289114969556053
 0.942000 0.11887555319813103 0.0 0.11887555319813103
 0.943000 0.11492435070092935 0.0 0.11492435070092935
 0.944000 0.1110376981906635 0.0 0.1110376981906635
 0.945000 0.10721574910572076 0.0 0.10721574910572076
 0.946000 0.10345865433010604 0.0 0.10345865433010604
 0.947000 0.09976656218748747 0.0 0.09976656218748747
 0.948000 0.09613961843534197 0.0 0.09613961843534197
 0.949000 0.09257796625919779 0.0 0.09257796625919779
 0.950000 0.08908174626698484 0.0 0.08908174626698484
 0.951000 0.08565109648348132 0.0 0.08565109648348132
 0.952000 0.08228615234486739 0.0 0.08228615234486739
 0.953000 0.07898704669337483 0.0 0.07898704669337483
 0.954000 0.07575390977204693 0.0 0.07575390977204693
 0.955000 0.07258686921959268 0.0 0.07258686921959268
 0.956000 0.06948605006534983 0.0 0.06948605006534983
 0.957000 0.06645157472435001 0.0 0.06645157472435001
 0.958000 0.0634835629924832 0.0 0.0634835629924832
 0.959000 0.0605821320417711 0.0 0.0605821320417711
 0.960000 0.057747396415738755 0.0 0.057747396415738755
 0.961000 0.05497946802489581 0.0 0.05497946802489581
 0.962000 0.052278456142314855 0.0 0.052278456142314855
 0.963000 0.04964446739932074 0.0 0.04964446739932074
 0.964000 0.047077605781278786 0.0 0.047077605781278786
 0.965000 0.044577972623490225 0.0 0.044577972623490225
 0.966000 0.04214566660719238 0.0 0.04214566660719238
 0.967000 0.0397807837556616 0.0 0.0397807837556616
 0.968000 0.037483417430424076 0.0 0.037483417430424076
 0.969000 0.035253658327567994 0.0 0.035253658327567994
 0.970000 0.03309159447416554 0.0 0.03309159447416554
 0.971000 0.030997311224794738 0.0 0.030997311224794738
 0.972000 0.028970891258173176 0.0 0.028970891258173176
 0.973000 0.027012414573890475 0.0 0.027012414573890475
 0.974000 0.02512195848925361 0.0 0.02512195848925361
 0.975000 0.02329959763623113 0.0 0.02329959763623113
 0.976000 0.021545403958509096 0.0 0.021545403958509096
 0.977000 0.019859446708650585 0.0 0.019859446708650585
 0.978000 0.018241792445360866 0.0 0.018241792445360866
 0.979000 0.01669250503086042 0.0 0.01669250503086042
 0.980000 0.015211645628363468 0.0 0.015211645628363468
 0.981000 0.013799272699663911 0.0 0.013799272699663911
 0.982000 0.012455442002826028 0.0 0.012455442002826028
 0.983000 0.011180206589985309 0.0 0.011180206589985309
 0.984000 0.009973616805252078 0.0 0.009973616805252078
 0.985000 0.008835720282724696 0.0 0.008835720282724696
 0.986000 0.0077665619446100065 0.0 0.0077665619446100065
 0.987000 0.0067661839994481165 0.0 0.0067661839994481165
 0.988000 0.00583462594044773 0.0 0.00583462594044773
 0.989000 0.0049719245439256154 0.0 0.0049719245439256154
 0.990000 0.004178113867855854 0.0 0.004178113867855854
 0.991000 0.003453225250524772 0.0 0.003453225250524772
 0.992000 0.002797287309293711 0.0 0.002797287309293711
 0.993000 0.002210325939469432 0.0 0.002210325939469432
 0.994000 0.0016923643132817634 0.0 0.0016923643132817634
 0.995000 0.0012434228789688917 0.0 0.0012434228789688917
 0.996000 8.635193599697E-4 0.0 8.635193599697E-4
 0.997000 5.526687542251052E-4 0.0 5.526687542251052E-4
 0.998000 3.1088333358431086E-4 0.0 3.1088333358431086E-4
 0.999000 1.3817264332180446E-4 0.0 1.3817264332180446E-4
 1.000000 3.454350176004817E-5 0.0 3.454350176004817E-5
