0.0 5.0 1.0
Linear 4 explicit
 0.000000000 0.0 0.0 0.0 0.0
 0.010000000 0.0 0.3175129074706805 0.0 0.9999999999999996
 0.020000000 1.8907495768380484E-16 1.0 3.6325482008409356E-16 0.5111374647325767
 0.030000000 0.0 0.6394100684322294 0.07574799085975546 2.598686939143706E-16
 0.040000000 0.0 0.13897184029104478 0.17474208817179598 0.0
 0.050000000 3.820080215442058E-18 0.005967937922438226 0.1721580046937066 1.292281428519606E-16
 0.060000000 0.0 0.0999019817052927 0.13895857418901816 0.0
 0.070000000 1.2908613070255962E-17 0.21826785949545416 0.09953252149291981 0.0
 0.080000000 7.824012221147871E-17 0.2711677646524462 0.08121236174606503 0.0
 0.090000000 0.0 0.26537347345765483 0.08305514633171714 0.0
 0.100000000 2.320728721023402E-17 0.24044830912755458 0.09178148715966404 0.0
 0.200000000 0.0 0.220092171965486 0.10484875778121712 1.8996286717298366E-16
 0.300000000 6.243764432812716E-17 0.2113448699604299 0.1207136306688617 0.0
 0.400000000 8.476456845998647E-17 0.20238899255934717 0.14290637520373642 0
 0.500000000 0.0 0.1929983078030939 0.1706309031620296 0.0
 0.600000000 1.6511541160086715E-17 0.18280412617770028 0.20290165101201896 0.0
 0.700000000 1.0207048703279787E-16 0.17127335528448082 0.2384069065222362 0.0
 0.800000000 0.0 0.15768365759982775 0.2753056460870625 0.0
 0.900000000 2.1740532304569926E-16 0.14129434097842597 0.31097125209190724 0.0
 1.000000000 0.0 0.12183242896756141 0.3417485133341152 0.0
 1.100000000 0.0 0.10008518595811917 0.362916009481192 0.0
 1.200000000 1.8222255012040366E-16 0.07774755886743322 0.36942346194251596 0.0
 1.300000000 0.0 0.05909175739522884 0.34732648474743244 0.0
 1.400000000 0.0 0.059707437759234754 0.30280351187442045 0.0
 1.500000000 0.0 0.059036379940591265 0.2472104674146063 0.0
 1.600000000 0.0 0.056088835208086614 0.18800491202984648 1.2759121548669042E-16
 1.700000000 0.0 0.05070437354005271 0.13142583191719476 1.3215986358126367E-16
 1.800000000 1.3031978641226038E-17 0.04278967509900085 0.0819827442119839 0.0
 1.900000000 4.9095097470513714E-18 0.032255002218091425 0.042064967620992086 0.0
 2.000000000 0.0 0.019203992257075496 0.011767005752686313 0.0
 2.100000000 1.8326469542946686E-19 0.003159873234963839 2.8510810741645306E-18 0.012481723452120246
 2.200000000 0.006778523659165268 6.256190074857251E-19 3.637289432542365E-17 0.03547198350352789
 2.300000000 0.012589760453298359 2.5545178003223404E-18 0.0 0.058870523039744896
 2.400000000 0.015322297482480292 0.0 0.0 0.08474557699975055
 2.500000000 0.014663745351018703 0.0 0.0 0.11335106009104945
 2.510000000 0.033798615259005585 5.258413655297351E-18 2.185167087773747E-17 0.09701822599866673
 2.520000000 0.05493277966203703 8.552750181174596E-18 0.0 0.0773704465436557
 2.530000000 0.056051034858590774 0.0 3.2769987794256904E-17 0.07813121068998867
 2.540000000 0.055087677044807576 0.0 0.0 0.08252817220304189
 2.550000000 0.05491816554313034 5.277502295041495E-18 0.0 0.08596334815825045
 2.560000000 0.0548864783988805 4.621882093271194E-18 1.0921895658081484E-17 0.08901571282946288
 2.570000000 0.054798885920248286 0.0 1.0922401713764875E-17 0.09213214645993063
 2.580000000 0.05467456447617907 0.0 0.0 0.09533502739233261
 2.590000000 0.05452346864767011 0.0 0.0 0.09859089669994558
 2.600000000 0.05434478044128711 2.65004932998396E-18 0.0 0.10189004951054835
 2.700000000 0.0510286968709745 0.0 1.5367066774449064E-16 0.13654819605462554
 2.800000000 0.04508989428457977 4.697959121995477E-18 4.434261342246761E-17 0.1712790173840581
 2.900000000 0.036999686623888035 2.6945711300301484E-18 3.3791547213324486E-16 0.2017973931980616
 3.000000000 0.027492112556235803 8.100662469975254E-18 2.994486371042434E-16 0.22478025688789688
 3.100000000 0.017311081387633837 0.0 0.0 0.23849153246262625
 3.200000000 0.006904788587445776 0.0 3.423700421814143E-16 0.24279823218686483
 3.300000000 0.0 0.014095886572391723 0.0 0.23857694183077593
 3.400000000 0.0 0.06459403882790214 0.0 0.22825805373067976
 3.500000000 0.0 0.1006211569391377 0.0 0.21342284431176786
 3.600000000 0.0 0.12071446486340626 0.0 0.19662449680317698
 3.700000000 0.0 0.12467055191367009 8.577745633963963E-17 0.18078893507680804
 3.710000000 2.696117234203018E-17 0.12435449614184253 0.0 0.1794032169415111
 3.720000000 0.0 0.12395098747109584 0.0 0.1780724301069763
 3.730000000 0.0 0.12347418546900775 0.0 0.17680190865062254
 3.740000000 0.0 0.12293938008916644 0.0 0.17559711424777996
 3.750000000 0.0 0.1223630370539574 0.0 0.17446369803794265
 3.760000000 0.0 0.128059248103855 2.6063866006377583E-16 0.17387698550371178
 3.770000000 2.7235623721227622E-17 0.14243201251284499 4.932022023130388E-16 0.17396305441843923
 3.780000000 0.0 0.15808448671297456 0.0 0.17436013297455147
 3.790000000 2.7310415789448372E-17 0.16972211460041084 8.731796818170959E-17 0.17427753275168825
 3.800000000 0.0 0.17514423580612187 5.829734142619321E-17 0.17334880972983105
 3.900000000 0.0 0.17534099861723368 5.889386452265168E-17 0.15789837676832125
 4.000000000 1.3851544495098875E-17 0.18877157649698076 2.360477340742234E-16 0.1468279239238321
 4.100000000 5.539009644521969E-17 0.2025890801262951 0.0 0.13659448400509036
 4.200000000 4.1466748260378995E-17 0.2125854794340392 0.0 0.12458274258421394
 4.300000000 4.142355386728037E-17 0.21774256149445345 0.0 0.10895569050872352
 4.400000000 0.0 0.21865039476526488 0.0 0.08863528868263494
 4.500000000 0.0 0.21638618687449124 0.0 0.06316702240684408
 4.600000000 0.0 0.21200254128292512 0.0 0.03255896611051039
 4.700000000 0.0 0.20733370438811027 0.0025179905273559995 5.733260756485686E-17
 4.800000000 0.0 0.20435875028205489 0.04734560779473243 0.0
 4.900000000 0.0 0.20242102606488976 0.09608237916651663 0.0
 5.000000000 0.0 0.2016328545892492 0.1484224941612233 0.0

