0.0 0.0
0.005012531328320802 0.0
0.010025062656641603 0.0
0.015037593984962405 0.0
0.020050125313283207 0.0
0.02506265664160401 0.0
0.03007518796992481 0.0
0.03508771929824561 0.0
0.040100250626566414 0.0
0.045112781954887216 0.0
0.05012531328320802 0.0
0.05513784461152882 0.0
0.06015037593984962 0.0
0.06516290726817042 0.0
0.07017543859649122 0.0
0.07518796992481203 0.0
0.08020050125313283 0.0
0.08521303258145363 0.0
0.09022556390977443 0.0
0.09523809523809523 0.0
0.10025062656641603 0.0
0.10526315789473684 0.0
0.11027568922305764 0.0
0.11528822055137844 0.0
0.12030075187969924 0.0
0.12531328320802004 0.0
0.13032581453634084 0.0
0.13533834586466165 0.0
0.14035087719298245 0.0
0.14536340852130325 0.0
0.15037593984962405 0.0
0.15538847117794485 0.0
0.16040100250626566 0.0
0.16541353383458646 0.0
0.17042606516290726 0.0
0.17543859649122806 0.0
0.18045112781954886 0.0
0.18546365914786966 0.0
0.19047619047619047 0.0
0.19548872180451127 0.0
0.20050125313283207 0.0
0.20551378446115287 0.0
0.21052631578947367 0.0
0.21553884711779447 0.0
0.22055137844611528 0.0
0.22556390977443608 0.0
0.23057644110275688 0.0
0.23558897243107768 0.0
0.24060150375939848 0.0
0.24561403508771928 0.0
0.2506265664160401 0.0
0.2556390977443609 0.0
0.2606516290726817 0.0
0.2656641604010025 0.0
0.2706766917293233 0.0
0.2756892230576441 0.0
0.2807017543859649 0.0
0.2857142857142857 0.0
0.2907268170426065 0.0
0.2957393483709273 0.0
0.3007518796992481 0.0
0.3057644110275689 0.0
0.3107769423558897 0.0
0.3157894736842105 0.0
0.3208020050125313 0.0
0.3258145363408521 0.0
0.3308270676691729 0.0
0.3358395989974937 0.0
0.3408521303258145 0.0
0.3458646616541353 0.0
0.3508771929824561 0.0
0.3558897243107769 0.0
0.3609022556390977 0.0
0.3659147869674185 0.0
0.37092731829573933 0.0
0.37593984962406013 0.0
0.38095238095238093 0.0
0.38596491228070173 0.0
0.39097744360902253 0.0
0.39598997493734334 0.0
0.40100250626566414 9.0451693142623E-6
0.40601503759398494 3.2562609531346684E-4
0.41102756892230574 0.0010944654870258263
0.41604010025062654 0.002315563344451341
0.42105263157894735 0.003988919667590011
0.42606516290726815 0.006114534456441835
0.43107769423558895 0.008692407711006815
0.43609022556390975 0.01172253943128495
0.44110275689223055 0.01520492961727624
0.44611528822055135 0.019139578268980686
0.45112781954887216 0.02352648538639828
0.45614035087719296 0.028365650969529036
0.46115288220551376 0.03365707501837295
0.46616541353383456 0.039400757532930014
0.47117794486215536 0.04559669851320023
0.47619047619047616 0.052244897959183606
0.48120300751879697 0.059345355870880134
0.48621553884711777 0.06689807224828982
0.49122807017543857 0.07490304709141266
0.49624060150375937 0.08336028040024866
0.5012531328320802 0.0922697721747978
0.506265664160401 0.10163152241506011
0.5112781954887218 0.11144553112103557
0.5162907268170426 0.12171179829272419
0.5213032581453634 0.13243032393012596
0.5263157894736842 0.1436011080332409
0.531328320802005 0.15522415060206896
0.5363408521303258 0.1672994516366102
0.5413533834586466 0.17982701113686458
0.5463659147869674 0.19280682910283212
0.5513784461152882 0.20623890553451285
0.556390977443609 0.2201232404319067
0.5614035087719298 0.2344598337950137
0.5664160401002506 0.24924868562383384
0.5714285714285714 0.2644897959183672
0.5764411027568922 0.28018316467861365
0.581453634085213 0.2963287919045733
0.5864661654135338 0.3129266775962461
0.5914786967418546 0.329976821753632
0.5964912280701754 0.3474792243767311
0.6015037593984962 0.3648029849058736
0.606516290726817 0.3806822821464688
0.6115288220551378 0.39636057562452487
0.6165413533834586 0.41183786534004174
0.6215538847117794 0.42711415129301944
0.6265664160401002 0.44218943348345796
0.631578947368421 0.4570637119113572
0.6365914786967418 0.47173698657671737
0.6416040100250626 0.48620925747953836
0.6466165413533834 0.5004805246198201
0.6516290726817042 0.5145507879975627
0.656641604010025 0.5284200476127662
0.6616541353383458 0.5420883034654305
0.6666666666666666 0.5555555555555555
0.6716791979949874 0.5688218038831414
0.6766917293233082 0.5818870484481881
0.681704260651629 0.5947512892506956
0.6867167919799498 0.6074145262906638
0.6917293233082706 0.6198767595680931
0.6967418546365914 0.632137989082983
0.7017543859649122 0.6441982148353338
0.706766917293233 0.6560574368251455
0.7117794486215538 0.6677156550524179
0.7167919799498746 0.6791728695171512
0.7218045112781954 0.6904290802193453
0.7268170426065163 0.7014842871590001
0.731829573934837 0.7123384903361158
0.7368421052631579 0.7229916897506925
0.7418546365914787 0.7334438854027299
0.7468671679197995 0.743695077292228
0.7518796992481203 0.753745265419187
0.7568922305764411 0.7635944497836068
0.7619047619047619 0.7732426303854875
0.7669172932330827 0.782689807224829
0.7719298245614035 0.7919359803016313
0.7769423558897243 0.8009811496158943
0.7819548872180451 0.8098253151676182
0.7869674185463659 0.8184684769568029
0.7919799498746867 0.8269106349834485
0.7969924812030075 0.8351517892475548
0.8020050125313283 0.8431919397491221
0.8070175438596491 0.8510310864881501
0.8120300751879699 0.858669229464639
0.8170426065162907 0.8661063686785886
0.8220551378446115 0.8733425041299991
0.8270676691729323 0.8803776358188704
0.8320802005012531 0.8872117637452025
0.8370927318295739 0.8938448879089955
0.8421052631578947 0.9002770083102493
0.8471177944862155 0.9065081249489638
0.8521303258145363 0.9125382378251392
0.8571428571428571 0.9183673469387754
0.8621553884711779 0.9239954522898725
0.8671679197994987 0.9294225538784303
0.8721804511278195 0.934648651704449
0.8771929824561403 0.9396737457679285
0.8822055137844611 0.9444978360688688
0.8872180451127819 0.94912092260727
0.8922305764411027 0.953543005383132
0.8972431077694235 0.9577640843964548
0.9022556390977443 0.9617841596472384
0.9072681704260651 0.9656032311354827
0.9122807017543859 0.969221298861188
0.9172932330827067 0.9726383628243541
0.9223057644110275 0.9758544230249809
0.9273182957393483 0.9788694794630687
0.9323308270676691 0.9816835321386171
0.9373433583959899 0.9842965810516265
0.9423558897243107 0.9867086262020967
0.9473684210526315 0.9889196675900277
0.9523809523809523 0.9909297052154195
0.9573934837092731 0.9927387390782721
0.9624060150375939 0.9943467691785856
0.9674185463659147 0.9957537955163598
0.9724310776942355 0.9969598180915948
0.9774436090225563 0.9979648369042908
0.9824561403508771 0.9987688519544475
0.9874686716791979 0.9993718632420651
0.9924812030075187 0.9997738707671434
0.9974937343358395 0.9999748745296826
1.0025062656641603 0.9999748745296826
1.007518796992481 0.9997738707671434
1.012531328320802 0.9993718632420651
1.0175438596491229 0.9987688519544475
1.0225563909774436 0.9979648369042908
1.0275689223057642 0.996959818091595
1.0325814536340852 0.9957537955163598
1.037593984962406 0.9943467691785856
1.0426065162907268 0.9927387390782721
1.0476190476190474 0.9909297052154196
1.0526315789473684 0.9889196675900277
1.0576441102756893 0.9867086262020967
1.06265664160401 0.9842965810516265
1.0676691729323307 0.9816835321386174
1.0726817042606516 0.9788694794630687
1.0776942355889725 0.9758544230249809
1.0827067669172932 0.9726383628243541
1.0877192982456139 0.9692212988611881
1.0927318295739348 0.9656032311354829
1.0977443609022557 0.9617841596472384
1.1027568922305764 0.9577640843964549
1.107769423558897 0.9535430053831322
1.112781954887218 0.9491209226072701
1.117794486215539 0.9444978360688688
1.1228070175438596 0.9396737457679286
1.1278195488721803 0.9346486517044492
1.1328320802005012 0.9294225538784304
1.137844611528822 0.9239954522898725
1.1428571428571428 0.9183673469387756
1.1478696741854635 0.9125382378251395
1.1528822055137844 0.9065081249489639
1.1578947368421053 0.9002770083102493
1.162907268170426 0.8938448879089956
1.1679197994987467 0.8872117637452028
1.1729323308270676 0.8803776358188706
1.1779448621553885 0.8733425041299991
1.1829573934837092 0.8661063686785888
1.18796992481203 0.8586692294646393
1.1929824561403508 0.8510310864881503
1.1979949874686717 0.8431919397491221
1.2030075187969924 0.8351517892475551
1.208020050125313 0.8269106349834489
1.213032581453634 0.8184684769568031
1.218045112781955 0.8098253151676182
1.2230576441102756 0.8009811496158945
1.2280701754385963 0.7919359803016316
1.2330827067669172 0.7826898072248292
1.2380952380952381 0.7732426303854875
1.2431077694235588 0.763594449783607
1.2481203007518795 0.7537452654191874
1.2531328320802004 0.7436950772922282
1.2581453634085213 0.7334438854027299
1.263157894736842 0.7229916897506927
1.2681704260651627 0.7123384903361163
1.2731829573934836 0.7014842871590004
1.2781954887218046 0.6904290802193453
1.2832080200501252 0.6791728695171515
1.288220551378446 0.6677156550524184
1.2932330827067668 0.6560574368251457
1.2982456140350878 0.6441982148353338
1.3032581453634084 0.6321379890829832
1.3082706766917291 0.6198767595680936
1.31328320802005 0.6074145262906642
1.318295739348371 0.5947512892506956
1.3233082706766917 0.5818870484481884
1.3283208020050123 0.5688218038831419
1.3333333333333333 0.5555555555555558
1.3383458646616542 0.5420883034654305
1.3433583959899749 0.5284200476127665
1.3483709273182956 0.5145507879975634
1.3533834586466165 0.5004805246198205
1.3583959899749374 0.48620925747953836
1.363408521303258 0.4717369865767177
1.3684210526315788 0.45706371191135786
1.3734335839598997 0.4421894334834583
1.3784461152882206 0.42711415129301944
1.3834586466165413 0.4118378653400421
1.388471177944862 0.39636057562452554
1.3934837092731829 0.38068228214646915
1.3984962406015038 0.3648029849058736
1.4035087719298245 0.34747922437673184
1.4085213032581452 0.3299768217536332
1.413533834586466 0.3129266775962468
1.418546365914787 0.2963287919045737
1.4235588972431077 0.28018316467861437
1.4285714285714284 0.2644897959183682
1.4335839598997493 0.24924868562383454
1.4385964912280702 0.234459833795014
1.443609022556391 0.2201232404319073
1.4486215538847116 0.20623890553451374
1.4536340852130325 0.19280682910283273
1.4586466165413534 0.17982701113686486
1.463659147869674 0.16729945163661072
1.4686716791979948 0.15522415060206973
1.4736842105263157 0.1436011080332414
1.4786967418546366 0.1324303239301262
1.4837092731829573 0.12171179829272466
1.488721804511278 0.11144553112103624
1.493734335839599 0.10163152241506054
1.4987468671679198 0.09226977217479801
1.5037593984962405 0.08336028040024904
1.5087719298245612 0.07490304709141321
1.5137844611528821 0.06689807224829017
1.518796992481203 0.0593453558708803
1.5238095238095237 0.05224489795918391
1.5288220551378444 0.04559669851320066
1.5338345864661653 0.03940075753293028
1.5388471177944862 0.03365707501837307
1.543859649122807 0.02836565096952926
1.5488721804511276 0.02352648538639859
1.5538847117794485 0.01913957826898087
1.5588972431077694 0.015204929617276321
1.5639097744360901 0.011722539431285093
1.5689223057644108 0.008692407711007
1.5739348370927317 0.0061145344564419385
1.5789473684210527 0.003988919667590052
1.5839598997493733 0.002315563344451405
1.588972431077694 0.0010944654870258925
1.593984962406015 3.2562609531349085E-4
1.5989974937343359 9.045169314264302E-6
1.6040100250626566 0.0
1.6090225563909772 0.0
1.6140350877192982 0.0
1.619047619047619 0.0
1.6240601503759398 0.0
1.6290726817042605 0.0
1.6340852130325814 0.0
1.6390977443609023 0.0
1.644110275689223 0.0
1.6491228070175437 0.0
1.6541353383458646 0.0
1.6591478696741855 0.0
1.6641604010025062 0.0
1.6691729323308269 0.0
1.6741854636591478 0.0
1.6791979949874687 0.0
1.6842105263157894 0.0
1.68922305764411 0.0
1.694235588972431 0.0
1.699248120300752 0.0
1.7042606516290726 0.0
1.7092731829573933 0.0
1.7142857142857142 0.0
1.719298245614035 0.0
1.7243107769423558 0.0
1.7293233082706765 0.0
1.7343358395989974 0.0
1.7393483709273183 0.0
1.744360902255639 0.0
1.7493734335839597 0.0
1.7543859649122806 0.0
1.7593984962406015 0.0
1.7644110275689222 0.0
1.769423558897243 0.0
1.7744360902255638 0.0
1.7794486215538847 0.0
1.7844611528822054 0.0
1.789473684210526 0.0
1.794486215538847 0.0
1.799498746867168 0.0
1.8045112781954886 0.0
1.8095238095238093 0.0
1.8145363408521302 0.0
1.8195488721804511 0.0
1.8245614035087718 0.0
1.8295739348370925 0.0
1.8345864661654134 0.0
1.8395989974937343 0.0
1.844611528822055 0.0
1.8496240601503757 0.0
1.8546365914786966 0.0
1.8596491228070176 0.0
1.8646616541353382 0.0
1.869674185463659 0.0
1.8746867167919798 0.0
1.8796992481203008 0.0
1.8847117794486214 0.0
1.8897243107769421 0.0
1.894736842105263 0.0
1.899749373433584 0.0
1.9047619047619047 0.0
1.9097744360902253 0.0
1.9147869674185463 0.0
1.9197994987468672 0.0
1.9248120300751879 0.0
1.9298245614035086 0.0
1.9348370927318295 0.0
1.9398496240601504 0.0
1.944862155388471 0.0
1.9498746867167918 0.0
1.9548872180451127 0.0
1.9598997493734336 0.0
1.9649122807017543 0.0
1.969924812030075 0.0
1.9749373433583959 0.0
1.9799498746867168 0.0
1.9849624060150375 0.0
1.9899749373433582 0.0
1.994987468671679 0.0
2.0 0.0
