0.0 0.0
0.005012531328320802 0.0
0.010025062656641603 0.0
0.015037593984962405 0.0
0.020050125313283207 0.0
0.02506265664160401 0.0
0.03007518796992481 0.0
0.03508771929824561 0.0
0.040100250626566414 0.0
0.045112781954887216 0.0
0.05012531328320802 0.0
0.05513784461152882 0.0
0.06015037593984962 0.0
0.06516290726817042 0.0
0.07017543859649122 0.0
0.07518796992481203 0.0
0.08020050125313283 0.0
0.08521303258145363 0.0
0.09022556390977443 0.0
0.09523809523809523 0.0
0.10025062656641603 0.0
0.10526315789473684 0.0
0.11027568922305764 0.0
0.11528822055137844 0.0
0.12030075187969924 0.0
0.12531328320802004 0.0
0.13032581453634084 0.0
0.13533834586466165 0.0
0.14035087719298245 0.0
0.14536340852130325 0.0
0.15037593984962405 0.0
0.15538847117794485 0.0
0.16040100250626566 0.0
0.16541353383458646 0.0
0.17042606516290726 0.0
0.17543859649122806 0.0
0.18045112781954886 0.0
0.18546365914786966 0.0
0.19047619047619047 0.0
0.19548872180451127 0.0
0.20050125313283207 0.0
0.20551378446115287 0.0
0.21052631578947367 0.0
0.21553884711779447 0.0
0.22055137844611528 0.0
0.22556390977443608 0.0
0.23057644110275688 0.0
0.23558897243107768 0.0
0.24060150375939848 0.0
0.24561403508771928 0.0
0.2506265664160401 0.0
0.2556390977443609 0.0
0.2606516290726817 0.0
0.2656641604010025 0.0
0.2706766917293233 0.0
0.2756892230576441 0.0
0.2807017543859649 0.0
0.2857142857142857 0.0
0.2907268170426065 0.0
0.2957393483709273 0.0
0.3007518796992481 0.0
0.3057644110275689 0.0
0.3107769423558897 0.0
0.3157894736842105 0.0
0.3208020050125313 0.0
0.3258145363408521 0.0
0.3308270676691729 0.0
0.3358395989974937 0.0
0.3408521303258145 0.0
0.3458646616541353 0.0
0.3508771929824561 0.0
0.3558897243107769 0.0
0.3609022556390977 0.0
0.3659147869674185 0.0
0.37092731829573933 0.0
0.37593984962406013 0.0
0.38095238095238093 0.0
0.38596491228070173 0.0
0.39097744360902253 0.0
0.39598997493734334 0.0
0.40100250626566414 0.0
0.40601503759398494 0.0
0.41102756892230574 0.0
0.41604010025062654 0.0
0.42105263157894735 0.0
0.42606516290726815 0.0
0.43107769423558895 0.0
0.43609022556390975 0.0
0.44110275689223055 0.0
0.44611528822055135 0.0
0.45112781954887216 0.0
0.45614035087719296 0.0
0.46115288220551376 0.0
0.46616541353383456 0.0
0.47117794486215536 0.0
0.47619047619047616 0.0
0.48120300751879697 0.0
0.48621553884711777 0.0
0.49122807017543857 0.0
0.49624060150375937 0.0
0.5012531328320802 0.0
0.506265664160401 0.0
0.5112781954887218 0.0
0.5162907268170426 0.0
0.5213032581453634 0.0
0.5263157894736842 0.0
0.531328320802005 0.0
0.5363408521303258 0.0
0.5413533834586466 0.0
0.5463659147869674 0.0
0.5513784461152882 0.0
0.556390977443609 0.0
0.5614035087719298 0.0
0.5664160401002506 0.0
0.5714285714285714 0.0
0.5764411027568922 0.0
0.581453634085213 0.0
0.5864661654135338 0.0
0.5914786967418546 0.0
0.5964912280701754 0.0
0.6015037593984962 0.0
0.606516290726817 0.0
0.6115288220551378 0.0
0.6165413533834586 0.0
0.6215538847117794 0.0
0.6265664160401002 0.0
0.631578947368421 0.0
0.6365914786967418 0.0
0.6416040100250626 0.0
0.6466165413533834 0.0
0.6516290726817042 0.0
0.656641604010025 0.0
0.6616541353383458 0.0
0.6666666666666666 0.0
0.6716791979949874 0.0
0.6766917293233082 0.0
0.681704260651629 0.0
0.6867167919799498 0.0
0.6917293233082706 0.0
0.6967418546365914 0.0
0.7017543859649122 0.0
0.706766917293233 0.0
0.7117794486215538 0.0
0.7167919799498746 0.0
0.7218045112781954 0.0
0.7268170426065163 0.0
0.731829573934837 0.0
0.7368421052631579 0.0
0.7418546365914787 0.0
0.7468671679197995 0.0
0.7518796992481203 0.0
0.7568922305764411 0.0
0.7619047619047619 0.0
0.7669172932330827 0.0
0.7719298245614035 0.0
0.7769423558897243 0.0
0.7819548872180451 0.0
0.7869674185463659 0.0
0.7919799498746867 0.0
0.7969924812030075 0.0
0.8020050125313283 0.0
0.8070175438596491 0.0
0.8120300751879699 0.0
0.8170426065162907 0.0
0.8220551378446115 0.0
0.8270676691729323 0.0
0.8320802005012531 0.0
0.8370927318295739 0.0
0.8421052631578947 0.0
0.8471177944862155 0.0
0.8521303258145363 0.0
0.8571428571428571 0.0
0.8621553884711779 0.0
0.8671679197994987 0.0
0.8721804511278195 0.0
0.8771929824561403 0.0
0.8822055137844611 0.0
0.8872180451127819 0.0
0.8922305764411027 0.0
0.8972431077694235 0.0
0.9022556390977443 0.0
0.9072681704260651 0.0
0.9122807017543859 0.0
0.9172932330827067 0.0
0.9223057644110275 0.0
0.9273182957393483 0.0
0.9323308270676691 0.0
0.9373433583959899 0.0
0.9423558897243107 0.0
0.9473684210526315 0.0
0.9523809523809523 0.0
0.9573934837092731 0.0
0.9624060150375939 0.0
0.9674185463659147 0.0
0.9724310776942355 0.0
0.9774436090225563 0.0
0.9824561403508771 0.0
0.9874686716791979 0.0
0.9924812030075187 0.0
0.9974937343358395 0.0
1.0025062656641603 8.339459514973835E-4
1.007518796992481 0.002543797797865288
1.012531328320802 0.004311162262657919
1.0175438596491229 0.006137973841711853
1.0225563909774436 0.008026232099612774
1.0275689223057642 0.009978003858349772
1.0325814536340852 0.011995425459586774
1.037593984962406 0.01408070510302789
1.0426065162907268 0.016236125263436308
1.0476190476190474 0.018464045188952272
1.0526315789473684 0.020766903483444024
1.0576441102756893 0.023147220775718815
1.06265664160401 0.02560760247851597
1.0676691729323307 0.028150741640301492
1.0726817042606516 0.030779421892985284
1.0776942355889725 0.03349652049878791
1.0827067669172932 0.03630501149959212
1.0877192982456139 0.03920796897222628
1.0927318295739348 0.042208570393241995
1.0977443609022557 0.04531010011686938
1.1027568922305764 0.04851595296995758
1.107769423558897 0.051829637967834755
1.112781954887218 0.055254782155154274
1.117794486215539 0.05879513457593164
1.1228070175438596 0.06245457037711839
1.1278195488721803 0.06623709505020373
1.1328320802005012 0.07014684881548638
1.137844611528822 0.0741881111538157
1.1428571428571428 0.07836530549076329
1.1478696741854635 0.08268300403835159
1.1528822055137844 0.08714593279963817
1.1578947368421053 0.09175897674163445
1.162907268170426 0.0965271851422213
1.1679197994987467 0.10145577711691411
1.1729323308270676 0.10655014733152515
1.1779448621553885 0.11181587190697694
1.1829573934837092 0.11725871452273157
1.18796992481203 0.12288463272551449
1.1929824561403508 0.1286997844502384
1.1979949874686717 0.13471053476026426
1.2030075187969924 0.14092346281437962
1.208020050125313 0.14734536906811804
1.213032581453634 0.15398328271730138
1.218045112781955 0.16084446939195313
1.2230576441102756 0.16793643910900538
1.2280701754385963 0.17526695449250382
1.2330827067669172 0.18284403927030582
1.2380952380952381 0.1906759870565741
1.2431077694235588 0.19877137042967974
1.2481203007518795 0.20713905031544969
1.2531328320802004 0.2157881856860284
1.2581453634085213 0.2247282435849699
1.263157894736842 0.23396900948953642
1.2681704260651627 0.2435205980215427
1.2731829573934836 0.2533934640184698
1.2781954887218046 0.2635984139769666
1.2832080200501252 0.27414661788126665
1.288220551378446 0.2850496214294668
1.2932330827067668 0.29631935867104714
1.2982456140350878 0.30796816506946567
1.3032581453634084 0.32000879100413065
1.3082706766917291 0.33245441572652407
1.31328320802005 0.34531866178575266
1.318295739348371 0.3586156099393158
1.3233082706766917 0.3723598145654157
1.3283208020050123 0.38656631959367654
1.3333333333333333 0.40125067497170575
1.3383458646616542 0.41642895368552746
1.3433583959899749 0.43211776935251484
1.3483709273182956 0.44833429440608286
1.3533834586466165 0.46509627889203475
1.3583959899749374 0.48242206989714725
1.363408521303258 0.5003306316312547
1.3684210526315788 0.5188415661848172
1.3734335839598997 0.5379751349846897
1.3784461152882206 0.5577522809715716
1.3834586466165413 0.5781946515234281
1.388471177944862 0.5993246221499584
1.3934837092731829 0.6211653209840532
1.3984962406015038 0.6437406540970422
1.4035087719298245 0.6668859950903716
1.4085213032581452 0.6900657303813587
1.413533834586466 0.7132454656723475
1.418546365914787 0.7364252009633354
1.4235588972431077 0.7596049362543233
1.4285714285714284 0.7827846715453104
1.4335839598997493 0.8059644068362992
1.4385964912280702 0.8291441421272872
1.443609022556391 0.8523238774182751
1.4486215538847116 0.8755036127092621
1.4536340852130325 0.898683348000251
1.4586466165413534 0.9218630832912389
1.463659147869674 0.9450428185822268
1.4686716791979948 0.9682225538732139
1.4736842105263157 0.9914022891642027
1.4786967418546366 1.0145820244551906
1.4837092731829573 1.0377617597461786
1.488721804511278 1.0609414950371656
1.493734335839599 1.0841212303281544
1.4987468671679198 1.1073009656191424
1.5037593984962405 1.1304807009101303
1.5087719298245612 1.1536604362011174
1.5137844611528821 1.1768401714921062
1.518796992481203 1.2000199067830941
1.5238095238095237 1.2231996420740812
1.5288220551378444 1.246379377365069
1.5338345864661653 1.269559112656057
1.5388471177944862 1.2927388479470459
1.543859649122807 1.315918583238033
1.5488721804511276 1.3390983185290208
1.5538847117794485 1.3622780538200088
1.5588972431077694 1.3854577891109976
1.5639097744360901 1.4086375244019846
1.5689223057644108 1.4318172596929726
1.5739348370927317 1.4549969949839605
1.5789473684210527 1.4781767302749493
1.5839598997493733 1.5013564655659364
1.588972431077694 1.5245362008569243
1.593984962406015 1.5477159361479123
1.5989974937343359 1.570895671438901
1.6040100250626566 1.5940754067298881
1.6090225563909772 1.617255142020876
1.6140350877192982 1.640434877311864
1.619047619047619 1.6636146126028528
1.6240601503759398 1.6867943478938399
1.6290726817042605 1.709974083184827
1.6340852130325814 1.7331538184758157
1.6390977443609023 1.7563335537668046
1.644110275689223 1.7795132890577916
1.6491228070175437 1.8026930243487786
1.6541353383458646 1.8258727596397675
1.6591478696741855 1.8490524949307554
1.6641604010025062 1.8722322302217433
1.6691729323308269 1.8954119655127304
1.6741854636591478 1.9185917008037192
1.6791979949874687 1.9417714360947071
1.6842105263157894 1.964951171385695
1.68922305764411 1.9881309066766821
1.694235588972431 2.011310641967671
1.699248120300752 2.034490377258659
1.7042606516290726 2.057670112549647
1.7092731829573933 2.080849847840634
1.7142857142857142 2.1040295831316227
1.719298245614035 2.1272093184226106
1.7243107769423558 2.1503890537135986
1.7293233082706765 2.1735687890045856
1.7343358395989974 2.1967485242955735
1.7393483709273183 2.2199282595865633
1.744360902255639 2.2431079948775494
1.7493734335839597 2.2662877301685374
1.7543859649122806 2.2894674654595253
1.7593984962406015 2.312647200750515
1.7644110275689222 2.335826936041501
1.769423558897243 2.359006671332489
1.7744360902255638 2.382186406623477
1.7794486215538847 2.405366141914465
1.7844611528822054 2.428545877205453
1.789473684210526 2.451725612496441
1.794486215538847 2.4749053477874288
1.799498746867168 2.4980850830784167
1.8045112781954886 2.5212648183694046
1.8095238095238093 2.5444445536603926
1.8145363408521302 2.5676242889513805
1.8195488721804511 2.5908040242423684
1.8245614035087718 2.6139837595333564
1.8295739348370925 2.6371634948243443
1.8345864661654134 2.6603432301153322
1.8395989974937343 2.68352296540632
1.844611528822055 2.706702700697308
1.8496240601503757 2.729882435988296
1.8546365914786966 2.753062171279284
1.8596491228070176 2.776241906570272
1.8646616541353382 2.79942164186126
1.869674185463659 2.822601377152248
1.8746867167919798 2.8457811124432357
1.8796992481203008 2.8689608477342237
1.8847117794486214 2.8921405830252116
1.8897243107769421 2.9153203183161995
1.894736842105263 2.9385000536071875
1.899749373433584 2.9616797888981754
1.9047619047619047 2.9848595241891633
1.9097744360902253 3.0080392594801513
1.9147869674185463 3.031218994771139
1.9197994987468672 3.054398730062127
1.9248120300751879 3.077578465353115
1.9298245614035086 3.100758200644103
1.9348370927318295 3.123937935935091
1.9398496240601504 3.147117671226079
1.944862155388471 3.170297406517067
1.9498746867167918 3.1934771418080548
1.9548872180451127 3.2166568770990427
1.9598997493734336 3.2398366123900306
1.9649122807017543 3.2630163476810186
1.969924812030075 3.2861960829720047
1.9749373433583959 3.3093758182629944
1.9799498746867168 3.3325555535539824
1.9849624060150375 3.3557352888449703
1.9899749373433582 3.3789150241359565
1.994987468671679 3.402094759426946
2.0 3.425274494717934
