-1.0 0.0
-0.9949874686716792 8.027587766408502E-5
-0.9899749373433584 2.2085288408992408E-4
-0.9849624060150376 4.217310192775171E-4
-0.9799498746867168 6.829102832268642E-4
-0.974937343358396 0.001004390675937965
-0.9699248120300752 0.0013861721974108203
-0.9649122807017544 0.0018282548476454296
-0.9598997493734336 0.0023306386266417926
-0.9548872180451128 0.00289332353439991
-0.949874686716792 0.0035163095709197806
-0.9448621553884712 0.004199596736201405
-0.9398496240601504 0.004943185030244784
-0.9348370927318296 0.0057470744530499175
-0.9298245614035088 0.006611265004616805
-0.924812030075188 0.007535756684945446
-0.9197994987468672 0.00852054949403584
-0.9147869674185464 0.00956564343188799
-0.9097744360902256 0.010671038498501893
-0.9047619047619048 0.01183673469387755
-0.899749373433584 0.013062656650127808
-0.8947368421052632 0.014315868412555827
-0.8897243107769424 0.015569509774285152
-0.8847117794486216 0.016823989877507505
-0.8796992481203008 0.0180797178644146
-0.87468671679198 0.019337102877198163
-0.8696741854636592 0.02059655405804991
-0.8646616541353384 0.021858480549161563
-0.8596491228070176 0.023123291492724844
-0.8546365914786967 0.02439139603093146
-0.849624060150376 0.025663203305973152
-0.8446115288220551 0.026939122460041622
-0.8395989974937343 0.0282195626353286
-0.8345864661654135 0.029504932974025802
-0.8295739348370927 0.03079564261832495
-0.8245614035087719 0.03209210071041776
-0.8195488721804511 0.03339471639249594
-0.8145363408521303 0.034703898806751246
-0.8095238095238095 0.03602005709537537
-0.8045112781954887 0.03734360040056003
-0.7994987468671679 0.03867493786449695
-0.7944862155388471 0.04001447862937787
-0.7894736842105263 0.041362631837394484
-0.7844611528822055 0.042719806630738516
-0.7794486215538847 0.044086412151601695
-0.7744360902255639 0.04546285754217574
-0.7694235588972431 0.04684955194465236
-0.7644110275689223 0.048246904501223285
-0.7593984962406015 0.04965532435408024
-0.7543859649122807 0.05107522064541493
-0.7493734335839599 0.05250700251741908
-0.7443609022556391 0.05395107911228441
-0.7393483709273183 0.05540785957220265
-0.7343358395989975 0.05687775303936551
-0.7293233082706767 0.05836116865596471
-0.7243107769423559 0.05985851556419197
-0.7192982456140351 0.06137020290623901
-0.7142857142857143 0.06289663982429755
-0.7092731829573935 0.06443823546055931
-0.7042606516290727 0.06599539895721603
-0.6992481203007519 0.06756853945645938
-0.6942355889724311 0.06915806610048114
-0.6892230576441103 0.07076438803147297
-0.6842105263157895 0.07238791439162665
-0.6791979949874687 0.07402905432313385
-0.6741854636591479 0.07568821696818631
-0.6691729323308271 0.07736581146897575
-0.6641604010025063 0.0790622469676939
-0.6591478696741855 0.08077793260653246
-0.6541353383458647 0.08251327752768316
-0.6491228070175439 0.08426869087333773
-0.6441102756892231 0.08604458178568786
-0.6390977443609023 0.0878413594069253
-0.6340852130325815 0.08965943287924177
-0.6290726817042607 0.09149921134482897
-0.6240601503759399 0.09336110394587861
-0.6190476190476191 0.09524551982458244
-0.6140350877192983 0.09715286812313217
-0.6090225563909775 0.09908355798371954
-0.6040100250626567 0.10103799854853622
-0.5989974937343359 0.10301659895977397
-0.5939849624060151 0.1050197683596245
-0.5889724310776943 0.10704791589027951
-0.5839598997493735 0.10910145069393075
-0.5789473684210527 0.11118078191276992
-0.5739348370927319 0.11328631868898875
-0.568922305764411 0.11541847016477896
-0.5639097744360902 0.11757764548233228
-0.5588972431077694 0.1197642537838404
-0.5538847117794486 0.12197870421149504
-0.5488721804511278 0.12422140590748798
-0.543859649122807 0.12649276801401085
-0.5388471177944862 0.12879319967325545
-0.5338345864661654 0.13112311002741345
-0.5288220551378446 0.1334829082186766
-0.5238095238095238 0.13587300338923658
-0.518796992481203 0.13829380468128516
-0.5137844611528822 0.140745721237014
-0.5087719298245614 0.14322916219861492
-0.5037593984962406 0.14574453670827953
-0.4987468671679198 0.1482922539081996
-0.493734335839599 0.1508727229405668
-0.4887218045112782 0.15348635294757296
-0.4837092731829574 0.15613355307140975
-0.4786967418546366 0.1588147324542688
-0.4736842105263158 0.16153030023834197
-0.468671679197995 0.16428066556582088
-0.4636591478696742 0.16706623757889727
-0.4586466165413534 0.16988742541976293
-0.4536340852130326 0.17274463823060948
-0.4486215538847118 0.17563828515362867
-0.443609022556391 0.17856877533101229
-0.4385964912280702 0.18153651790495196
-0.4335839598997494 0.18454192201763941
-0.4285714285714286 0.18758539681126646
-0.4235588972431078 0.1906673514280247
-0.418546365914787 0.19378819501010597
-0.4135338345864662 0.1969483366997019
-0.4085213032581454 0.20014818563900427
-0.4035087719298246 0.20338815097020474
-0.3984962406015038 0.2066686418354951
-0.393483709273183 0.209990067377067
-0.3884711779448622 0.21335283673711225
-0.3834586466165414 0.21675735905782245
-0.3784461152882206 0.2202040434813894
-0.3734335839598998 0.2236932991500048
-0.368421052631579 0.22722553520586036
-0.3634085213032582 0.23080116079114782
-0.3583959899749374 0.2344205850480589
-0.3533834586466166 0.23808421711878525
-0.3483709273182958 0.24179246614551875
-0.343358395989975 0.24554574127045098
-0.33834586466165417 0.24934445163577368
-0.33333333333333337 0.2531890063836786
-0.32832080200501257 0.2570798146563575
-0.32330827067669177 0.26101728559600196
-0.31829573934837097 0.26500201195477807
-0.31328320802005016 0.2690386550070301
-0.30827067669172936 0.2731358605193226
-0.30325814536340856 0.2773024410599081
-0.29824561403508776 0.281547209197039
-0.29323308270676696 0.28587897749896796
-0.28822055137844615 0.29030655853394743
-0.28320802005012535 0.2948387648702299
-0.27819548872180455 0.2994844090760679
-0.27318295739348375 0.3042523037197139
-0.26817042606516295 0.30915126136942045
-0.26315789473684215 0.31419009459344005
-0.25814536340852134 0.3193776159600251
-0.25313283208020054 0.32472263803742835
-0.24812030075187974 0.33023397339390204
-0.24310776942355894 0.3359204345976988
-0.23809523809523814 0.34179083421707124
-0.23308270676691734 0.3478539848202717
-0.22807017543859653 0.3541186989755527
-0.22305764411027573 0.3605937892511668
-0.21804511278195493 0.3672880682153665
-0.21303258145363413 0.3742103484364044
-0.20802005012531333 0.38136944248253285
-0.20300751879699253 0.3887741629220044
-0.19799498746867172 0.3964333223230716
-0.19298245614035092 0.4043557332539869
-0.18796992481203012 0.4125502082830029
-0.18295739348370932 0.421025559978372
-0.17794486215538852 0.42979060090834675
-0.17293233082706772 0.4388541436411797
-0.1679197994987469 0.4482250007451233
-0.1629072681704261 0.45791198478843
-0.1578947368421053 0.4679239083393525
-0.1528822055137845 0.4782695839661431
-0.1478696741854637 0.4889578242370545
-0.1428571428571429 0.499997441720339
-0.1378446115288221 0.5113972489842492
-0.1328320802005013 0.5231660585970377
-0.1278195488721805 0.5353126831269568
-0.1228070175438597 0.5478459351422593
-0.1177944862155389 0.5607746272111973
-0.1127819548872181 0.5741075719020238
-0.10776942355889729 0.5878535817829909
-0.10275689223057649 0.6020214694223514
-0.09774436090225569 0.6166200473883574
-0.09273182957393489 0.6316581282492619
-0.08771929824561409 0.6471445245733171
-0.08270676691729328 0.6630880489287756
-0.07769423558897248 0.6794975138838898
-0.07268170426065168 0.6963817320069124
-0.06766917293233088 0.7137495158660958
-0.06265664160401008 0.7316096780296926
-0.057644110275689275 0.7499710310659551
-0.052631578947368474 0.7688423875431358
-0.04761904761904767 0.7882325600294875
-0.04260651629072687 0.8081503610932625
-0.03759398496240607 0.8286046033027133
-0.03258145363408527 0.8496040992260925
-0.027568922305764465 0.8711576614316527
-0.022556390977443663 0.893274102487646
-0.01754385964912286 0.9159622349623253
-0.01253132832080206 0.939230871423943
-0.007518796992481258 0.9630888244407515
-0.0025062656641604564 0.9875449065810036
0.0025062656641603454 1.0122629118751891
0.007518796992481036 1.0352163405953547
0.012531328320801949 1.0561579173718239
0.01754385964912286 1.0751892519204986
0.022556390977443552 1.0924119539572807
0.027568922305764243 1.1079276331980743
0.032581453634085156 1.121837899358783
0.03759398496240607 1.134244362155309
0.04260651629072676 1.1452486313035548
0.04761904761904745 1.1549523165194238
0.05263157894736836 1.1634570275188194
0.057644110275689275 1.1708643740176443
0.06265664160400997 1.1772759657318008
0.06766917293233066 1.1827934123771926
0.07268170426065157 1.1875183236697229
0.07769423558897248 1.191552309325294
0.08270676691729317 1.194996979059809
0.08771929824561386 1.1979539425891708
0.09273182957393478 1.2005248096292829
0.09774436090225569 1.2028111898960478
0.10275689223057638 1.2049146931053685
0.10776942355889707 1.206936158474246
0.11278195488721798 1.2089372206904982
0.1177944862155389 1.2109224756844557
0.12280701754385959 1.2128920241070082
0.12781954887218028 1.2148459666090463
0.1328320802005012 1.2167844038414597
0.1378446115288221 1.218707436455139
0.1428571428571428 1.2206151651009736
0.14786967418546348 1.2225076904298542
0.1528822055137844 1.2243851130926708
0.1578947368421053 1.2262475337403136
0.162907268170426 1.2280950530236727
0.1679197994987467 1.2299277715936379
0.1729323308270676 1.2317457901011
0.17794486215538852 1.2335492091969484
0.1829573934837092 1.2353381295320738
0.1879699248120299 1.2371126517573658
0.1929824561403508 1.2388728765237151
0.19799498746867172 1.2406189044820117
0.20300751879699241 1.2423508362831455
0.2080200501253131 1.2440687725780064
0.21303258145363402 1.245772814017485
0.21804511278195493 1.2474630612524715
0.22305764411027562 1.2491396149338556
0.2280701754385963 1.2508025757125278
0.23308270676691722 1.252452044239378
0.23809523809523814 1.2540881211652966
0.24310776942355883 1.2557109071411732
0.24812030075187952 1.2573205028178982
0.25313283208020043 1.2589170088463622
0.25814536340852134 1.2605005258774546
0.26315789473684204 1.262071154562066
0.2681704260651627 1.2636289955510862
0.27318295739348364 1.2651741494954059
0.27819548872180455 1.2667067170459145
0.28320802005012524 1.2682267988535025
0.28822055137844593 1.2697344955690602
0.29323308270676685 1.2712299078434772
0.29824561403508776 1.2727131363276443
0.30325814536340845 1.2741842816724511
0.30827067669172914 1.275643444528788
0.31328320802005005 1.277090725547545
0.31829573934837097 1.2785262253796124
0.32330827067669166 1.27995004467588
0.32832080200501235 1.2813622840872383
0.33333333333333326 1.2827630442645774
0.33834586466165417 1.284152425858787
0.34335839598997486 1.2855305295207577
0.34837092731829555 1.2868974559013795
0.35338345864661647 1.2882533056515424
0.3583959899749374 1.2895981794221367
0.36340852130325807 1.2909321778640523
0.36842105263157876 1.2922554016281798
0.3734335839598997 1.2935679513654088
0.3784461152882206 1.2948699277266296
0.3834586466165413 1.2961614313627323
0.38847117794486197 1.2974425629246074
0.3934837092731829 1.2987134230631445
0.3984962406015038 1.299974112429234
0.4035087719298245 1.301224731673766
0.4085213032581452 1.3024653814476306
0.4135338345864661 1.303696162401718
0.418546365914787 1.3049171751869184
0.4235588972431077 1.3061285204541215
0.4285714285714284 1.307330298854218
0.4335839598997493 1.3085226110380976
0.4385964912280702 1.3097055576566508
0.4436090225563909 1.3108792393607676
0.4486215538847116 1.3120437568013377
0.4536340852130325 1.3131992106292518
0.4586466165413534 1.3143457014953999
0.4636591478696741 1.3154833300506719
0.4686716791979948 1.316612196945958
0.4736842105263157 1.3177324028321487
0.4786967418546366 1.3188440483601338
0.4837092731829573 1.3199472341808034
0.488721804511278 1.3210420609450475
0.4937343358395989 1.3221286293037569
0.4987468671679198 1.3232070399078208
0.5037593984962405 1.32427739340813
0.5087719298245612 1.3253397904555744
0.5137844611528821 1.326394331701044
0.518796992481203 1.3274411177954293
0.5238095238095237 1.3284802493896202
0.5288220551378444 1.3295118271345068
0.5338345864661653 1.3305359516809794
0.5388471177944862 1.3315527236799278
0.5438596491228069 1.3325622437822424
0.5488721804511276 1.3335646126388132
0.5538847117794485 1.3345599309005305
0.5588972431077694 1.3355482992182843
0.5639097744360901 1.3365298182429646
0.5689223057644108 1.337504588625462
0.5739348370927317 1.3384727110166659
0.5789473684210527 1.3394342860674673
0.5839598997493733 1.3403894144287554
0.588972431077694 1.341338196751421
0.593984962406015 1.3422807336863543
0.5989974937343359 1.343217125884445
0.6040100250626566 1.3441474739965833
0.6090225563909772 1.3450718786736593
0.6140350877192982 1.3459904405665635
0.6190476190476191 1.3469032603261857
0.6240601503759398 1.347810438603416
0.6290726817042605 1.3487120760491447
0.6340852130325814 1.349608273314262
0.6390977443609023 1.350499131049658
0.644110275689223 1.3513847499062224
0.6491228070175437 1.352265230534846
0.6541353383458646 1.3531406735864182
0.6591478696741855 1.3540111797118297
0.6641604010025062 1.3548768495619705
0.6691729323308269 1.3557377837877307
0.6741854636591478 1.3565940830400005
0.6791979949874687 1.3574458479696698
0.6842105263157894 1.358293179227629
0.6892230576441101 1.359136177464768
0.694235588972431 1.359974943331977
0.6992481203007519 1.360809577480146
0.7042606516290726 1.3616401805601657
0.7092731829573933 1.3624668532229256
0.7142857142857142 1.363289696119316
0.7192982456140351 1.3641088099002272
0.7243107769423558 1.3649242952165492
0.7293233082706765 1.365736252719172
0.7343358395989974 1.366544783058986
0.7393483709273183 1.3673499868868813
0.744360902255639 1.3681519648537477
0.7493734335839597 1.3689508176104757
0.7543859649122806 1.3697466458079552
0.7593984962406015 1.3705395500970767
0.7644110275689222 1.3713296311287297
0.7694235588972429 1.372116989553805
0.7744360902255638 1.3729017260231922
0.7794486215538847 1.3736839411877817
0.7844611528822054 1.3744637356984635
0.7894736842105261 1.375241210206128
0.794486215538847 1.376016465361665
0.7994987468671679 1.3767896018159647
0.8045112781954886 1.3775607202199174
0.8095238095238093 1.3783299212244131
0.8145363408521302 1.379097305480342
0.8195488721804511 1.3798629736385941
0.8245614035087718 1.3806270263500595
0.8295739348370925 1.3813895642656286
0.8345864661654134 1.3821506880361913
0.8395989974937343 1.3829104983126381
0.844611528822055 1.3836690957458586
0.8496240601503757 1.384426580986743
0.8546365914786966 1.3851830546861819
0.8596491228070176 1.385938617495065
0.8646616541353382 1.3866933700642825
0.8696741854636589 1.3874474130447245
0.8746867167919798 1.3882008470872813
0.8796992481203008 1.388953772842843
0.8847117794486214 1.3897062909622997
0.8897243107769421 1.3904585020965414
0.894736842105263 1.3912105068964584
0.899749373433584 1.3919624060129407
0.9047619047619047 1.3926984126984125
0.9097744360902253 1.3933992876929164
0.9147869674185463 1.3940649870289759
0.9197994987468672 1.394695510706591
0.9248120300751879 1.3952908587257618
0.9298245614035086 1.395851031086488
0.9348370927318295 1.39637602778877
0.9398496240601504 1.3968658488326078
0.9448621553884711 1.397320494218001
0.9498746867167918 1.3977399639449501
0.9548872180451127 1.3981242580134547
0.9598997493734336 1.3984733764235149
0.9649122807017543 1.3987873191751308
0.969924812030075 1.3990660862683024
0.9749373433583959 1.3993096777030296
0.9799498746867168 1.3995180934793126
0.9849624060150375 1.399691333597151
0.9899749373433582 1.399829398056545
0.9949874686716791 1.3999322868574948
1.0 1.4
