0.0 0.0
0.005012531328320802 0.0
0.010025062656641603 0.0
0.015037593984962405 0.0
0.020050125313283207 0.0
0.02506265664160401 0.0
0.03007518796992481 0.0
0.03508771929824561 0.0
0.040100250626566414 0.0
0.045112781954887216 0.0
0.05012531328320802 0.0
0.05513784461152882 0.0
0.06015037593984962 0.0
0.06516290726817042 0.0
0.07017543859649122 0.0
0.07518796992481203 0.0
0.08020050125313283 0.0
0.08521303258145363 0.0
0.09022556390977443 0.0
0.09523809523809523 0.0
0.10025062656641603 0.0
0.10526315789473684 0.0
0.11027568922305764 0.0
0.11528822055137844 0.0
0.12030075187969924 0.0
0.12531328320802004 0.0
0.13032581453634084 0.0
0.13533834586466165 0.0
0.14035087719298245 0.0
0.14536340852130325 0.0
0.15037593984962405 0.0
0.15538847117794485 0.0
0.16040100250626566 0.0
0.16541353383458646 0.0
0.17042606516290726 0.0
0.17543859649122806 0.0
0.18045112781954886 0.0
0.18546365914786966 0.0
0.19047619047619047 0.0
0.19548872180451127 0.0
0.20050125313283207 0.0
0.20551378446115287 0.0
0.21052631578947367 0.0
0.21553884711779447 0.0
0.22055137844611528 0.0
0.22556390977443608 0.0
0.23057644110275688 0.0
0.23558897243107768 0.0
0.24060150375939848 0.0
0.24561403508771928 0.0
0.2506265664160401 0.0
0.2556390977443609 0.0
0.2606516290726817 0.0
0.2656641604010025 0.0
0.2706766917293233 0.0
0.2756892230576441 0.0
0.2807017543859649 0.0
0.2857142857142857 0.0
0.2907268170426065 0.0
0.2957393483709273 0.0
0.3007518796992481 0.0
0.3057644110275689 0.0
0.3107769423558897 0.0
0.3157894736842105 0.0
0.3208020050125313 0.0
0.3258145363408521 0.0
0.3308270676691729 0.0
0.3358395989974937 0.0
0.3408521303258145 0.0
0.3458646616541353 0.0
0.3508771929824561 0.0
0.3558897243107769 0.0
0.3609022556390977 0.0
0.3659147869674185 0.0
0.37092731829573933 0.0
0.37593984962406013 0.0
0.38095238095238093 0.0
0.38596491228070173 0.0
0.39097744360902253 0.0
0.39598997493734334 0.0
0.40100250626566414 0.0
0.40601503759398494 0.0
0.41102756892230574 0.0
0.41604010025062654 0.0
0.42105263157894735 0.0
0.42606516290726815 0.0
0.43107769423558895 0.0
0.43609022556390975 0.0
0.44110275689223055 0.0
0.44611528822055135 1.0169468051310881E-4
0.45112781954887216 0.0012230528964240967
0.45614035087719296 0.003549836614278977
0.46115288220551376 0.007040384580131474
0.46616541353383456 0.011653035540035314
0.47117794486215536 0.017346128240044226
0.47619047619047616 0.024078001426211932
0.48120300751879697 0.03180699384459216
0.48621553884711777 0.040491444241238635
0.49122807017543857 0.050089691362205084
0.49624060150375937 0.06056007395354522
0.5012531328320802 0.0718609307613128
0.506265664160401 0.08395060053156152
0.5112781954887218 0.0967874220103451
0.5162907268170426 0.1103297339437173
0.5213032581453634 0.12453587507773184
0.5263157894736842 0.1393641841584424
0.531328320802005 0.15477299993190277
0.5363408521303258 0.17072066114416665
0.5413533834586466 0.18716550654128772
0.5463659147869674 0.2040658748693198
0.5513784461152882 0.22138010487431653
0.556390977443609 0.23906653530233166
0.5614035087719298 0.25708350489941895
0.5664160401002506 0.27538935241163204
0.5714285714285714 0.2939424165850248
0.5764411027568922 0.3127010361656508
0.581453634085213 0.33162354989956394
0.5864661654135338 0.3506682965328177
0.5914786967418546 0.3697936148114661
0.5964912280701754 0.3889578434815626
0.6015037593984962 0.40811932128916106
0.606516290726817 0.4272363869803153
0.6115288220551378 0.44626737930107885
0.6165413533834586 0.46517063699750544
0.6215538847117794 0.483904498815649
0.6265664160401002 0.5024273035015631
0.631578947368421 0.5206973898013014
0.6365914786967418 0.5386730964609179
0.6416040100250626 0.556312762226466
0.6466165413533834 0.5735747258439996
0.6516290726817042 0.5904173260595724
0.656641604010025 0.6067989016192382
0.6616541353383458 0.6226777912690505
0.6666666666666666 0.6380123337550634
0.6716791979949874 0.6527608678233302
0.6766917293233082 0.6668817322199049
0.681704260651629 0.6803332656908411
0.6867167919799498 0.6930738069821927
0.6917293233082706 0.7050616948400131
0.6967418546365914 0.7162552680103564
0.7017543859649122 0.7266128652392763
0.706766917293233 0.7360928252728262
0.7117794486215538 0.74465348685706
0.7167919799498746 0.7522531887380315
0.7218045112781954 0.7588502696617943
0.7268170426065163 0.7644030683744021
0.731829573934837 0.7689549702570416
0.7368421052631579 0.7734087621502371
0.7418546365914787 0.7780107195459506
0.7468671679197995 0.7827519114313719
0.7518796992481203 0.7876234067936909
0.7568922305764411 0.7926162746200979
0.7619047619047619 0.7977215838977827
0.7669172932330827 0.8029304036139353
0.7719298245614035 0.8082338027557459
0.7769423558897243 0.8136228503104043
0.7819548872180451 0.8190886152651005
0.7869674185463659 0.8246221666070246
0.7919799498746867 0.8302145733233666
0.7969924812030075 0.8358569044013164
0.8020050125313283 0.8415402288280641
0.8070175438596491 0.8472556155907998
0.8120300751879699 0.8529941336767133
0.8170426065162907 0.8587468520729947
0.8220551378446115 0.864504839766834
0.8270676691729323 0.8702591657454213
0.8320802005012531 0.8760008989959464
0.8370927318295739 0.8817211085055994
0.8421052631578947 0.8874108632615703
0.8471177944862155 0.8930612322510492
0.8521303258145363 0.8986632844612259
0.8571428571428571 0.9042080888792907
0.8621553884711779 0.9096867144924333
0.8671679197994987 0.9150902302878439
0.8721804511278195 0.9204097052527124
0.8771929824561403 0.9256362083742289
0.8822055137844611 0.9307608086395832
0.8872180451127819 0.9357745750359656
0.8922305764411027 0.9406685765505658
0.8972431077694235 0.9454338821705741
0.9022556390977443 0.9500615608831803
0.9072681704260651 0.9545426816755744
0.9122807017543859 0.9588683135349467
0.9172932330827067 0.9630295254484867
0.9223057644110275 0.9670173864033849
0.9273182957393483 0.970822965386831
0.9323308270676691 0.9744373313860151
0.9373433583959899 0.977851553388127
0.9423558897243107 0.9810567003803571
0.9473684210526315 0.9840438413498951
0.9523809523809523 0.9868040452839312
0.9573934837092731 0.9893283811696552
0.9624060150375939 0.9916079179942573
0.9674185463659147 0.9936337247449274
0.9724310776942355 0.9953968704088554
0.9774436090225563 0.9968884239732315
0.9824561403508771 0.9980994544252456
0.9874686716791979 0.9990210307520878
0.9924812030075187 0.999644221940948
0.9974937343358395 0.9999600969790162
1.0025062656641603 0.9999714997726941
1.007518796992481 0.9997445553424334
1.012531328320802 0.9992933686961665
1.0175438596491229 0.9986207595357237
1.0225563909774436 0.997729547562936
1.0275689223057642 0.9966225524796337
1.0325814536340852 0.9953025939876476
1.037593984962406 0.9937724917888083
1.0426065162907268 0.9920350655849466
1.0476190476190474 0.9900931350778928
1.0526315789473684 0.9879495199694776
1.0576441102756893 0.9856070399615317
1.06265664160401 0.9830685147558857
1.0676691729323307 0.9803367640543703
1.0726817042606516 0.9774146075588159
1.0776942355889725 0.9743048649710534
1.0827067669172932 0.9710103559929133
1.0877192982456139 0.9675339003262263
1.0927318295739348 0.9638783176728228
1.0977443609022557 0.9600464277345335
1.1027568922305764 0.9560410502131893
1.107769423558897 0.9518650048106206
1.112781954887218 0.9475211112286579
1.117794486215539 0.9430121891691319
1.1228070175438596 0.9383410583338735
1.1278195488721803 0.9335105384247131
1.1328320802005012 0.9285234491434812
1.137844611528822 0.9233826101920084
1.1428571428571428 0.9180908412721258
1.1478696741854635 0.9126509620856637
1.1528822055137844 0.9070657923344525
1.1578947368421053 0.9013381517203229
1.162907268170426 0.8954708599451061
1.1679197994987467 0.8894667367106323
1.1729323308270676 0.8833286017187316
1.1779448621553885 0.8770592746712353
1.1829573934837092 0.8706615752699742
1.18796992481203 0.8641383232167785
1.1929824561403508 0.8574923382134787
1.1979949874686717 0.8507264399619056
1.2030075187969924 0.84384344816389
1.208020050125313 0.8368461825212625
1.213032581453634 0.8297374627358534
1.218045112781955 0.8225201085094933
1.2230576441102756 0.8151969395440135
1.2280701754385963 0.8077707755412442
1.2330827067669172 0.8002444362030156
1.2380952380952381 0.7926207412311587
1.2431077694235588 0.7849025103275045
1.2481203007518795 0.7770925631938832
1.2531328320802004 0.7691937195321252
1.2581453634085213 0.7612087990440614
1.263157894736842 0.7531406214315228
1.2681704260651627 0.7449920063963396
1.2731829573934836 0.7367657736403421
1.2781954887218046 0.7284647428653613
1.2832080200501252 0.7200917337732283
1.288220551378446 0.7116495660657731
1.2932330827067668 0.7031410594448263
1.2982456140350878 0.6945690336122186
1.3032581453634084 0.6859363082697809
1.3082706766917291 0.6772457031193438
1.31328320802005 0.6685000378627375
1.318295739348371 0.6597021322017926
1.3233082706766917 0.6508548058383405
1.3283208020050123 0.6419608784742115
1.3333333333333333 0.6330231698112354
1.3383458646616542 0.6240444995512437
1.3433583959899749 0.6150276873960672
1.3483709273182956 0.6059755530475359
1.3533834586466165 0.5968909162074805
1.3583959899749374 0.5877765965777316
1.363408521303258 0.5786354138601204
1.3684210526315788 0.5694701877564772
1.3734335839598997 0.5602837379686321
1.3784461152882206 0.5510788841984161
1.3834586466165413 0.5418584461476603
1.388471177944862 0.532625243518195
1.3934837092731829 0.5233820960118503
1.3984962406015038 0.514131823330457
1.4035087719298245 0.5048772451758468
1.4085213032581452 0.4956211812498492
1.413533834586466 0.4863664512542948
1.418546365914787 0.4771158748910146
1.4235588972431077 0.46787227186183955
1.4285714285714284 0.4586384618685998
1.4335839598997493 0.4494172646131258
1.4385964912280702 0.4402114997972484
1.443609022556391 0.43102398712279866
1.4486215538847116 0.42185754629160666
1.4536340852130325 0.41271499700550296
1.4586466165413534 0.40359915896631837
1.463659147869674 0.3945128518758837
1.4686716791979948 0.3854588954360296
1.4736842105263157 0.37644010934858607
1.4786967418546366 0.3674593133153843
1.4837092731829573 0.35851932703825506
1.488721804511278 0.34962297021902855
1.493734335839599 0.3407730625595353
1.4987468671679198 0.3319724237616062
1.5037593984962405 0.32322387352707194
1.5087719298245612 0.3145302315577634
1.5137844611528821 0.3058943175555102
1.518796992481203 0.2973189512221437
1.5238095238095237 0.28880695225949504
1.5288220551378444 0.28036114036939386
1.5338345864661653 0.27198433525367105
1.5388471177944862 0.2636793566141572
1.543859649122807 0.25544902415268345
1.5488721804511276 0.24729615757108003
1.5538847117794485 0.23922357657117732
1.5588972431077694 0.2312341008548061
1.5639097744360901 0.22333055012379754
1.5689223057644108 0.21551574407998164
1.5739348370927317 0.2077925024251891
1.5789473684210527 0.2001636448612505
1.5839598997493733 0.19263199108999696
1.588972431077694 0.18520036081325875
1.593984962406015 0.1778715737328661
1.5989974937343359 0.17064844955065017
1.6040100250626566 0.16353380796844164
1.6090225563909772 0.15653046868807097
1.6140350877192982 0.14964125141136841
1.619047619047619 0.1428689758401649
1.6240601503759398 0.13621646167629153
1.6290726817042605 0.12968652862157837
1.6340852130325814 0.12328199637785575
1.6390977443609023 0.11700568464695493
1.644110275689223 0.11086041313070638
1.6491228070175437 0.10484900153094068
1.6541353383458646 0.09897426954948807
1.6591478696741855 0.0932390368881798
1.6641604010025062 0.08764612324884613
1.6691729323308269 0.08219834833331796
1.6741854636591478 0.07689853184342554
1.6791979949874687 0.07174949348099946
1.6842105263157894 0.06675405294787073
1.68922305764411 0.06191502994586995
1.694235588972431 0.05723524417682746
1.699248120300752 0.05271751534257374
1.7042606516290726 0.048364663144940034
1.7092731829573933 0.0441795072857567
1.7142857142857142 0.04016486746685388
1.719298245614035 0.036323563390062596
1.7243107769423558 0.03265841475721387
1.7293233082706765 0.029172241270137733
1.7343358395989974 0.025867862630664873
1.7393483709273183 0.022748098540625983
1.744360902255639 0.019815768701851977
1.7493734335839597 0.017073692816173214
1.7543859649122806 0.014524690585420164
1.7593984962406015 0.012171581711423851
1.7644110275689222 0.010017185896014635
1.769423558897243 0.008064322841022986
1.7744360902255638 0.006315812248279928
1.7794486215538847 0.00477447381961571
1.7844611528822054 0.0034431272568611337
1.789473684210526 0.002324592261847225
1.794486215538847 0.0014216885364036758
1.799498746867168 7.372357823617337E-4
1.8045112781954886 2.740537015518685E-4
1.8095238095238093 3.496199580510506E-5
1.8145363408521302 0.0
1.8195488721804511 0.0
1.8245614035087718 0.0
1.8295739348370925 0.0
1.8345864661654134 0.0
1.8395989974937343 0.0
1.844611528822055 0.0
1.8496240601503757 0.0
1.8546365914786966 0.0
1.8596491228070176 0.0
1.8646616541353382 0.0
1.869674185463659 0.0
1.8746867167919798 0.0
1.8796992481203008 0.0
1.8847117794486214 0.0
1.8897243107769421 0.0
1.894736842105263 0.0
1.899749373433584 0.0
1.9047619047619047 0.0
1.9097744360902253 0.0
1.9147869674185463 0.0
1.9197994987468672 0.0
1.9248120300751879 0.0
1.9298245614035086 0.0
1.9348370927318295 0.0
1.9398496240601504 0.0
1.944862155388471 0.0
1.9498746867167918 0.0
1.9548872180451127 0.0
1.9598997493734336 0.0
1.9649122807017543 0.0
1.969924812030075 0.0
1.9749373433583959 0.0
1.9799498746867168 0.0
1.9849624060150375 0.0
1.9899749373433582 0.0
1.994987468671679 0.0
2.0 0.0
