0.0 0.0
0.005012531328320802 0.0
0.010025062656641603 0.0
0.015037593984962405 0.0
0.020050125313283207 0.0
0.02506265664160401 0.0
0.03007518796992481 0.0
0.03508771929824561 0.0
0.040100250626566414 0.0
0.045112781954887216 0.0
0.05012531328320802 0.0
0.05513784461152882 0.0
0.06015037593984962 0.0
0.06516290726817042 0.0
0.07017543859649122 0.0
0.07518796992481203 0.0
0.08020050125313283 0.0
0.08521303258145363 0.0
0.09022556390977443 0.0
0.09523809523809523 0.0
0.10025062656641603 0.0
0.10526315789473684 0.0
0.11027568922305764 0.0
0.11528822055137844 0.0
0.12030075187969924 0.0
0.12531328320802004 0.0
0.13032581453634084 0.0
0.13533834586466165 0.0
0.14035087719298245 0.0
0.14536340852130325 0.0
0.15037593984962405 0.0
0.15538847117794485 0.0
0.16040100250626566 0.0
0.16541353383458646 0.0
0.17042606516290726 0.0
0.17543859649122806 0.0
0.18045112781954886 0.0
0.18546365914786966 0.0
0.19047619047619047 0.0
0.19548872180451127 0.0
0.20050125313283207 0.0
0.20551378446115287 0.0
0.21052631578947367 0.0
0.21553884711779447 0.0
0.22055137844611528 0.0
0.22556390977443608 0.0
0.23057644110275688 0.0
0.23558897243107768 0.0
0.24060150375939848 0.0
0.24561403508771928 0.0
0.2506265664160401 0.0
0.2556390977443609 0.0
0.2606516290726817 0.0
0.2656641604010025 0.0
0.2706766917293233 0.0
0.2756892230576441 0.0
0.2807017543859649 0.0
0.2857142857142857 0.0
0.2907268170426065 0.0
0.2957393483709273 0.0
0.3007518796992481 0.0
0.3057644110275689 0.0
0.3107769423558897 0.0
0.3157894736842105 0.0
0.3208020050125313 0.0
0.3258145363408521 0.0
0.3308270676691729 0.0
0.3358395989974937 0.0
0.3408521303258145 0.0
0.3458646616541353 0.0
0.3508771929824561 0.0
0.3558897243107769 0.0
0.3609022556390977 0.0
0.3659147869674185 0.0
0.37092731829573933 0.0
0.37593984962406013 0.0
0.38095238095238093 0.0
0.38596491228070173 0.0
0.39097744360902253 0.0
0.39598997493734334 0.0
0.40100250626566414 0.0
0.40601503759398494 0.0
0.41102756892230574 0.0
0.41604010025062654 0.0
0.42105263157894735 0.0
0.42606516290726815 0.0
0.43107769423558895 0.0
0.43609022556390975 0.0
0.44110275689223055 0.0
0.44611528822055135 0.0
0.45112781954887216 0.0
0.45614035087719296 0.0
0.46115288220551376 0.0
0.46616541353383456 0.0
0.47117794486215536 0.0
0.47619047619047616 0.0
0.48120300751879697 0.0
0.48621553884711777 0.0
0.49122807017543857 0.0
0.49624060150375937 0.0
0.5012531328320802 0.0
0.506265664160401 0.0
0.5112781954887218 0.0
0.5162907268170426 0.0
0.5213032581453634 0.0
0.5263157894736842 0.0
0.531328320802005 0.0
0.5363408521303258 0.0
0.5413533834586466 0.0
0.5463659147869674 0.0
0.5513784461152882 0.0
0.556390977443609 0.0
0.5614035087719298 0.0
0.5664160401002506 0.0
0.5714285714285714 0.0
0.5764411027568922 0.0
0.581453634085213 0.0
0.5864661654135338 0.0
0.5914786967418546 0.0
0.5964912280701754 0.0
0.6015037593984962 0.0
0.606516290726817 0.0
0.6115288220551378 0.0
0.6165413533834586 0.0
0.6215538847117794 0.0
0.6265664160401002 0.0
0.631578947368421 0.0
0.6365914786967418 0.0
0.6416040100250626 0.0
0.6466165413533834 0.0
0.6516290726817042 0.0
0.656641604010025 0.0
0.6616541353383458 0.0
0.6666666666666666 0.0
0.6716791979949874 0.0
0.6766917293233082 0.0
0.681704260651629 0.0
0.6867167919799498 0.0
0.6917293233082706 0.0
0.6967418546365914 0.0
0.7017543859649122 0.0
0.706766917293233 0.0
0.7117794486215538 0.0
0.7167919799498746 0.0
0.7218045112781954 0.0
0.7268170426065163 0.0
0.731829573934837 0.0
0.7368421052631579 0.0
0.7418546365914787 0.0
0.7468671679197995 0.0
0.7518796992481203 0.0
0.7568922305764411 0.0
0.7619047619047619 0.0
0.7669172932330827 0.0
0.7719298245614035 0.0
0.7769423558897243 0.0
0.7819548872180451 0.0
0.7869674185463659 0.0
0.7919799498746867 0.0
0.7969924812030075 0.0
0.8020050125313283 0.0
0.8070175438596491 0.0
0.8120300751879699 0.0
0.8170426065162907 0.0
0.8220551378446115 0.0
0.8270676691729323 0.0
0.8320802005012531 0.0
0.8370927318295739 0.0
0.8421052631578947 0.0
0.8471177944862155 0.0
0.8521303258145363 0.0
0.8571428571428571 0.0
0.8621553884711779 0.0
0.8671679197994987 0.0
0.8721804511278195 0.0
0.8771929824561403 0.0
0.8822055137844611 0.0
0.8872180451127819 0.0
0.8922305764411027 0.0
0.8972431077694235 0.0
0.9022556390977443 0.0
0.9072681704260651 0.0
0.9122807017543859 0.0
0.9172932330827067 0.0
0.9223057644110275 0.0
0.9273182957393483 0.0
0.9323308270676691 0.0
0.9373433583959899 0.0
0.9423558897243107 0.0
0.9473684210526315 0.0
0.9523809523809523 0.0
0.9573934837092731 0.0
0.9624060150375939 0.0
0.9674185463659147 0.0
0.9724310776942355 0.0
0.9774436090225563 0.0
0.9824561403508771 0.0
0.9874686716791979 0.0
0.9924812030075187 0.0
0.9974937343358395 0.0
1.0025062656641603 1.7946764512425718E-5
1.007518796992481 1.6152088061183173E-4
1.012531328320802 4.4866911281066035E-4
1.0175438596491229 8.793914611089092E-4
1.0225563909774436 0.0014536879255065507
1.0275689223057642 0.002171558506003601
1.0325814536340852 0.0030330032026001028
1.037593984962406 0.004031329486309752
1.0426065162907268 0.0051291068269843365
1.0476190476190474 0.006320616146351112
1.0526315789473684 0.007605960226538295
1.0576441102756893 0.008985241849673992
1.06265664160401 0.01045856379788629
1.0676691729323307 0.01202602885330341
1.0726817042606516 0.01368773979805358
1.0776942355889725 0.015443799414264893
1.0827067669172932 0.017294310484065423
1.0877192982456139 0.019239375789583395
1.0927318295739348 0.02127909811294707
1.0977443609022557 0.023413580236284516
1.1027568922305764 0.02564292494172378
1.107769423558897 0.02796723501139313
1.112781954887218 0.030386613227420818
1.117794486215539 0.0329011623719349
1.1228070175438596 0.035510985227063425
1.1278195488721803 0.038216184574934656
1.1328320802005012 0.041016863197676875
1.137844611528822 0.043913123877418116
1.1428571428571428 0.046905069396286414
1.1478696741854635 0.04999280253641004
1.1528822055137844 0.053176426079917294
1.1578947368421053 0.05645604280893621
1.162907268170426 0.05983175550559478
1.1679197994987467 0.06330366695202133
1.1729323308270676 0.06687187993034414
1.1779448621553885 0.07053649722269124
1.1829573934837092 0.0742976216111906
1.18796992481203 0.07815535587797057
1.1929824561403508 0.08210980280515945
1.1979949874686717 0.08616106517488525
1.2030075187969924 0.09030924576927593
1.208020050125313 0.09455444737045984
1.213032581453634 0.0988967727605653
1.218045112781955 0.1033363247217203
1.2230576441102756 0.10787320603605281
1.2280701754385963 0.11250751948569117
1.2330827067669172 0.11723936785276372
1.2380952380952381 0.12206885391939845
1.2431077694235588 0.1269960804677233
1.2481203007518795 0.1320211502798666
1.2531328320802004 0.13714416613795677
1.2581453634085213 0.14236523082412175
1.263157894736842 0.14768444712048945
1.2681704260651627 0.15310191780918822
1.2731829573934836 0.15861774567234654
1.2781954887218046 0.16423203349209223
1.2832080200501252 0.16994488405055327
1.288220551378446 0.17575640012985808
1.2932330827067668 0.181666684512135
1.2982456140350878 0.187675839979512
1.3032581453634084 0.19378396931411693
1.3082706766917291 0.1999911752980782
1.31328320802005 0.20629756071352426
1.318295739348371 0.21270322834258304
1.3233082706766917 0.21920828096738237
1.3283208020050123 0.22581282137005068
1.3333333333333333 0.23251695233271644
1.3383458646616542 0.23932077663750748
1.3433583959899749 0.24622439706655172
1.3483709273182956 0.2532279164019775
1.3533834586466165 0.2603314374259134
1.3583959899749374 0.26753506292048734
1.363408521303258 0.27483889566782693
1.3684210526315788 0.2822430384500609
1.3734335839598997 0.28974759404931744
1.3784461152882206 0.2973526652477246
1.3834586466165413 0.3050583548274102
1.388471177944862 0.31286476557050263
1.3934837092731829 0.32077200025913044
1.3984962406015038 0.32878016167542146
1.4035087719298245 0.3368893526015035
1.4085213032581452 0.345099675819505
1.413533834586466 0.35341123411155456
1.418546365914787 0.3618241302597799
1.4235588972431077 0.37033846704630885
1.4285714285714284 0.37895434725326993
1.4335839598997493 0.3876718736627917
1.4385964912280702 0.396491149057002
1.443609022556391 0.4054122762180284
1.4486215538847116 0.4144353579279996
1.4536340852130325 0.42356049696904413
1.4586466165413534 0.43278779612328966
1.463659147869674 0.4421173581728641
1.4686716791979948 0.45154928589989596
1.4736842105263157 0.4610836820865137
1.4786967418546366 0.47072064951484516
1.4837092731829573 0.4804602909670181
1.488721804511278 0.490302709225161
1.493734335839599 0.5002480070714026
1.4987468671679198 0.5102962872878705
1.5037593984962405 0.5204476526566923
1.5087719298245612 0.530702205959997
1.5137844611528821 0.5410600499799127
1.518796992481203 0.5515212874985675
1.5238095238095237 0.562086021298089
1.5288220551378444 0.5727543541606058
1.5338345864661653 0.5835263888682464
1.5388471177944862 0.5944022282031386
1.543859649122807 0.6053819749474101
1.5488721804511276 0.6164657318831895
1.5538847117794485 0.6276536017926053
1.5588972431077694 0.6389456874577856
1.5639097744360901 0.6503420916608577
1.5689223057644108 0.6618429171839502
1.5739348370927317 0.673448266809192
1.5789473684210527 0.6851582433187106
1.5839598997493733 0.6969729494946336
1.588972431077694 0.70889248811909
1.593984962406015 0.7209169619742081
1.5989974937343359 0.7330464738421156
1.6040100250626566 0.7452811265049404
1.6090225563909772 0.7576210227448108
1.6140350877192982 0.7700662653438558
1.619047619047619 0.7826169570842028
1.6240601503759398 0.7952732007479797
1.6290726817042605 0.8080350991173149
1.6340852130325814 0.8209027549743371
1.6390977443609023 0.8338762711011741
1.644110275689223 0.8469557502799536
1.6491228070175437 0.860141295292804
1.6541353383458646 0.8734330089218543
1.6591478696741855 0.8868309939492319
1.6641604010025062 0.9003353531570643
1.6691729323308269 0.9139461893274805
1.6741854636591478 0.9276636052426092
1.6791979949874687 0.9414877036845778
1.6842105263157894 0.9554185874355139
1.68922305764411 0.9694563592775461
1.694235588972431 0.9836011219928038
1.699248120300752 0.9978529783634139
1.7042606516290726 1.012173290368779
1.7092731829573933 1.0264948084496952
1.7142857142857142 1.040816326530612
1.719298245614035 1.055137844611529
1.7243107769423558 1.0694593626924453
1.7293233082706765 1.0837808807733615
1.7343358395989974 1.0981023988542784
1.7393483709273183 1.1124239169351953
1.744360902255639 1.1267454350161117
1.7493734335839597 1.1410669530970279
1.7543859649122806 1.1553884711779447
1.7593984962406015 1.1697099892588616
1.7644110275689222 1.1840315073397778
1.769423558897243 1.1983530254206942
1.7744360902255638 1.212674543501611
1.7794486215538847 1.226996061582528
1.7844611528822054 1.2413175796634441
1.789473684210526 1.2556390977443606
1.794486215538847 1.2699606158252772
1.799498746867168 1.2842821339061943
1.8045112781954886 1.2986036519871105
1.8095238095238093 1.3129251700680267
1.8145363408521302 1.3272466881489438
1.8195488721804511 1.3415682062298604
1.8245614035087718 1.3558897243107768
1.8295739348370925 1.370211242391693
1.8345864661654134 1.3845327604726099
1.8395989974937343 1.398854278553527
1.844611528822055 1.4131757966344431
1.8496240601503757 1.4274973147153593
1.8546365914786966 1.4418188327962762
1.8596491228070176 1.456140350877193
1.8646616541353382 1.4704618689581093
1.869674185463659 1.4847833870390257
1.8746867167919798 1.4991049051199425
1.8796992481203008 1.5134264232008594
1.8847117794486214 1.5277479412817758
1.8897243107769421 1.542069459362692
1.894736842105263 1.5563909774436089
1.899749373433584 1.5707124955245257
1.9047619047619047 1.585034013605442
1.9097744360902253 1.5993555316863581
1.9147869674185463 1.6136770497672752
1.9197994987468672 1.627998567848192
1.9248120300751879 1.6423200859291083
1.9298245614035086 1.6566416040100247
1.9348370927318295 1.6709631220909413
1.9398496240601504 1.6852846401718584
1.944862155388471 1.6996061582527746
1.9498746867167918 1.7139276763336908
1.9548872180451127 1.728249194414608
1.9598997493734336 1.7425707124955245
1.9649122807017543 1.756892230576441
1.969924812030075 1.7712137486573571
1.9749373433583959 1.785535266738274
1.9799498746867168 1.799856784819191
1.9849624060150375 1.8141783029001073
1.9899749373433582 1.8284998209810235
1.994987468671679 1.8428213390619403
2.0 1.8571428571428572
