0.9 0.0
0.902020202020202 0.0
0.9040404040404041 0.0
0.9060606060606061 0.0
0.9080808080808082 0.0
0.9101010101010101 0.0
0.9121212121212121 0.0
0.9141414141414141 0.0
0.9161616161616162 0.0
0.9181818181818182 0.0
0.9202020202020202 0.0
0.9222222222222223 0.0
0.9242424242424243 0.0
0.9262626262626263 0.0
0.9282828282828283 0.0
0.9303030303030303 0.0
0.9323232323232323 0.0
0.9343434343434344 0.0
0.9363636363636364 0.0
0.9383838383838384 0.0
0.9404040404040405 0.0
0.9424242424242425 0.0
0.9444444444444445 0.0
0.9464646464646465 0.0
0.9484848484848485 0.0
0.9505050505050505 0.0
0.9525252525252526 0.0
0.9545454545454546 0.0
0.9565656565656566 0.0
0.9585858585858587 0.0
0.9606060606060607 0.0
0.9626262626262627 0.0
0.9646464646464648 0.0
0.9666666666666667 0.0
0.9686868686868687 0.0
0.9707070707070707 0.0
0.9727272727272728 0.0
0.9747474747474748 0.0
0.9767676767676768 0.0
0.9787878787878789 0.0
0.9808080808080809 0.0
0.9828282828282828 0.0
0.9848484848484849 0.0
0.9868686868686869 0.0
0.9888888888888889 0.0
0.990909090909091 0.0
0.992929292929293 0.0
0.994949494949495 0.0
0.9969696969696971 0.0
0.9989898989898991 0.0
1.0010101010101011 7.037044382596484E-4
1.0030303030303032 0.006227563911862655
1.0050505050505052 0.017004966331636732
1.0070707070707072 0.032753842277653225
1.0090909090909093 0.0531921223299835
1.011111111111111 0.0780377370686959
1.013131313131313 0.10700861707386732
1.0151515151515151 0.13982269292556657
1.0171717171717172 0.17619789520386503
1.0191919191919192 0.21585215448883402
1.0212121212121212 0.2585034013605449
1.0232323232323233 0.30386956639906904
1.0252525252525253 0.3516685801844777
1.0272727272727273 0.4016183732968424
1.0292929292929294 0.4534368763162343
1.0313131313131314 0.5068420198227249
1.0333333333333334 0.5615517343963855
1.0353535353535355 0.6172839506172874
1.0373737373737375 0.6737528344671241
1.0393939393939395 0.7304421768707527
1.0414141414141416 0.7871315192743815
1.0434343434343436 0.8438208616780103
1.0454545454545454 0.9005102040816328
1.0474747474747477 0.9571995464852678
1.0494949494949495 1.0138888888888904
1.0515151515151515 1.070578231292519
1.0535353535353535 1.1272675736961473
1.0555555555555556 1.1839569160997758
1.0575757575757576 1.2406462585034044
1.0595959595959596 1.297335600907033
1.0616161616161617 1.3540249433106613
1.0636363636363637 1.4107142857142898
1.0656565656565657 1.4674036281179181
1.0676767676767678 1.5240929705215467
1.0696969696969698 1.5807823129251752
1.0717171717171718 1.6374716553288038
1.0737373737373739 1.6941609977324323
1.075757575757576 1.7508503401360607
1.077777777777778 1.807539682539689
1.07979797979798 1.8642290249433175
1.081818181818182 1.920918367346946
1.0838383838383838 1.9776077097505684
1.085858585858586 2.034297052154203
1.087878787878788 2.0909863945578255
1.08989898989899 2.147675736961454
1.091919191919192 2.2043650793650826
1.093939393939394 2.2610544217687107
1.095959595959596 2.3177437641723393
1.097979797979798 2.374433106575968
1.1 2.431122448979596
