0.0 0.0
0.006265664160401002 0.0
0.012531328320802004 0.0
0.018796992481203006 0.0
0.02506265664160401 0.0
0.03132832080200501 0.0
0.03759398496240601 0.0
0.043859649122807015 0.0
0.05012531328320802 0.0
0.05639097744360902 0.0
0.06265664160401002 0.0
0.06892230576441102 0.0
0.07518796992481203 0.0
0.08145363408521303 0.0
0.08771929824561403 0.0
0.09398496240601503 0.0
0.10025062656641603 0.0
0.10651629072681704 0.0
0.11278195488721804 0.0
0.11904761904761904 0.0
0.12531328320802004 0.0
0.13157894736842105 0.0
0.13784461152882205 0.0
0.14411027568922305 0.0
0.15037593984962405 0.0
0.15664160401002505 0.0
0.16290726817042606 0.0
0.16917293233082706 0.0
0.17543859649122806 0.0
0.18170426065162906 0.0
0.18796992481203006 0.0
0.19423558897243107 0.0
0.20050125313283207 0.0
0.20676691729323307 0.0
0.21303258145363407 0.0
0.21929824561403508 0.0
0.22556390977443608 0.0
0.23182957393483708 0.0
0.23809523809523808 0.0
0.24436090225563908 0.0
0.2506265664160401 0.0
0.25689223057644106 0.0
0.2631578947368421 0.0
0.2694235588972431 0.0
0.2756892230576441 0.0
0.28195488721804507 0.0
0.2882205513784461 0.0
0.29448621553884713 0.0
0.3007518796992481 0.0
0.3070175438596491 0.0
0.3132832080200501 0.0
0.31954887218045114 0.0
0.3258145363408521 0.0
0.3320802005012531 0.0
0.3383458646616541 0.0
0.34461152882205515 0.0
0.3508771929824561 0.0
0.3571428571428571 0.0
0.3634085213032581 0.0
0.36967418546365916 0.0
0.37593984962406013 0.0
0.3822055137844611 0.0
0.38847117794486213 0.0
0.39473684210526316 0.0
0.40100250626566414 0.0
0.4072681704260651 0.0
0.41353383458646614 0.0
0.4197994987468672 0.0
0.42606516290726815 0.0
0.4323308270676691 0.0
0.43859649122807015 0.0
0.4448621553884712 0.0
0.45112781954887216 0.0
0.45739348370927313 0.0
0.46365914786967416 0.0
0.4699248120300752 0.0
0.47619047619047616 0.0
0.48245614035087714 0.0
0.48872180451127817 0.0
0.4949874686716792 0.0
0.5012531328320802 1.5498573207262112E-5
0.5075187969924811 5.578477557081074E-4
0.5137844611528821 0.0018741650431982615
0.5200501253132832 0.003962410584631926
0.5263157894736842 0.006819348298638783
0.5325814536340852 0.010440550888366373
0.5388471177944862 0.014820406702308109
0.5451127819548872 0.019952128430483662
0.5513784461152882 0.02582776362249728
0.5576441102756892 0.032438207011173004
0.5639097744360901 0.03977321462266975
0.5701754385964912 0.04782141965121123
0.5764411027568922 0.056570350073828046
0.5827067669172932 0.0660064479778183
0.5889724310776943 0.07611509057097204
0.5952380952380952 0.08688061284200255
0.6015037593984962 0.09828633183606927
0.6077694235588972 0.11031457250777182
0.6140350877192982 0.12294669511155171
0.6203007518796992 0.13616312408705677
0.6265664160401002 0.14994337839470528
0.6328320802005012 0.1642661032544393
0.6390977443609023 0.17910910323848422
0.6453634085213033 0.1944493766668282
0.6516290726817042 0.21026315125212663
0.6578947368421052 0.2265259209387862
0.6641604010025062 0.24321248387914646
0.6704260651629073 0.26029698148790364
0.6766917293233082 0.2777529385142622
0.6829573934837092 0.2955533040697054
0.6892230576441103 0.3136704935478185
0.6954887218045113 0.3320764313711887
0.7017543859649122 0.3507425944991525
0.7080200501253132 0.3696400566289567
0.7142857142857142 0.3887395330218423
0.7205513784461153 0.4080114258845844
0.7268170426065163 0.4274258702361599
0.7330827067669172 0.4469527801884709
0.7393483709273183 0.46656189556939454
0.7456140350877193 0.486222828815919
0.7518796992481203 0.5059051120646921
0.7581453634085212 0.5255782443670063
0.7644110275689222 0.5452117389550574
0.7706766917293233 0.564775170486226
0.7769423558897243 0.5842382221921707
0.7832080200501252 0.6035707328596692
0.7894736842105263 0.6227427435703994
0.7957393483709273 0.6417245441272295
0.8020050125313283 0.6604867190950787
0.8082706766917293 0.6790001933849897
0.8145363408521302 0.6972362773107827
0.8208020050125313 0.7151667110484624
0.8270676691729323 0.7327637084294814
0.8333333333333333 0.7499999999999997
0.8395989974937343 0.7668488752794067
0.8458646616541353 0.783284224152621
0.8521303258145363 0.7992805773320286
0.8583959899749373 0.8148131458263497
0.8646616541353382 0.8298578593552733
0.8709273182957393 0.8443914036503355
0.8771929824561403 0.8583912565842255
0.8834586466165413 0.8718357230725446
0.8897243107769424 0.8847039686939215
0.8959899749373433 0.896976051976389
0.9022556390977443 0.9086329552999888
0.9085213032581453 0.9196566143677154
0.9147869674185463 0.9300299461991266
0.9210526315789473 0.9397368756032444
0.9273182957393483 0.948762360089717
0.9335839598997493 0.9570924131796437
0.9398496240601504 0.9647141260799329
0.9461152882205514 0.9716156876876096
0.9523809523809523 0.9777864028930703
0.9586466165413533 0.9832167091539212
0.9649122807017543 0.9878981913137177
0.9711779448621554 0.9918235946426388
0.9774436090225563 0.9949868360798891
0.9837092731829573 0.9973830136604067
0.9899749373433584 0.9990084141112672
0.9962406015037594 0.9998605186060137
1.0025062656641603 1.0024442723321545
1.0087719298245614 1.0080126880412195
1.0150375939849623 1.012807447738604
1.0213032581453634 1.016830830833715
1.0275689223057642 1.0200863121114079
1.0338345864661653 1.0225785563472347
1.0401002506265664 1.0243134110786034
1.0463659147869673 1.025297897543053
1.0526315789473684 1.0255401997976858
1.0588972431077694 1.0250496520366204
1.0651629072681703 1.023836724126115
1.0714285714285714 1.0219130053797811
1.0776942355889725 1.0192911865990273
1.0839598997493733 1.0159850404065676
1.0902255639097744 1.0120093999034658
1.0964912280701753 1.0073801356827983
1.1027568922305764 1.0021141312355457
1.1090225563909775 0.9962292567868373
1.1152882205513783 0.9897443416030851
1.1215538847117794 0.9826791448129251
1.1278195488721803 0.975054324787185
1.1340852130325814 0.9668914071253246
1.1403508771929824 0.9582127512979666
1.1466165413533833 0.9490415159972025
1.1528822055137844 0.939401623248374
1.1591478696741855 0.9293177213389445
1.1654135338345863 0.9188151466219069
1.1716791979949874 0.9079198842529176
1.1779448621553885 0.8966585279220094
1.1842105263157894 0.8850582386422744
1.1904761904761905 0.873146702659388
1.1967418546365913 0.8609520885472002
1.2030075187969924 0.8485030035558749
1.2092731829573935 0.8358284492802345
1.2155388471177944 0.8229577767169969
1.2218045112781954 0.8099206407805566
1.2280701754385963 0.7967469543478009
1.2343358395989974 0.7834668419031634
1.2406015037593985 0.7701105928557602
1.2468671679197993 0.7567086146009502
1.2531328320802004 0.7432913853990504
1.2593984962406015 0.7298894071442401
1.2656641604010024 0.7165331580968376
1.2719298245614035 0.7032530456521997
1.2781954887218046 0.6900793592194436
1.2844611528822054 0.6770422232830036
1.2907268170426065 0.6641715507197659
1.2969924812030074 0.6514969964441255
1.3032581453634084 0.6390479114528007
1.3095238095238095 0.6268532973406119
1.3157894736842104 0.6149417613577265
1.3220551378446115 0.6033414720779908
1.3283208020050123 0.5920801157470829
1.3345864661654134 0.5811848533780939
1.3408521303258145 0.5706822786610561
1.3471177944862154 0.5605983767516267
1.3533834586466165 0.5509584840027978
1.3596491228070176 0.5417872487020337
1.3659147869674184 0.5331085928746757
1.3721804511278195 0.5249456752128155
1.3784461152882206 0.5173208551870747
1.3847117794486214 0.5102556583969156
1.3909774436090225 0.503770743213163
1.3972431077694234 0.4978858687644546
1.4035087719298245 0.49261986431720217
1.4097744360902256 0.48799060009653455
1.4160401002506264 0.4840149595934329
1.4223057644110275 0.48070881340097266
1.4285714285714284 0.47808699462021925
1.4348370927318295 0.476163275873885
1.4411027568922306 0.47495034796337976
1.4473684210526314 0.47445980020231426
1.4536340852130325 0.47470210245694733
1.4598997493734336 0.47568658892139665
1.4661654135338344 0.4774214436527652
1.4724310776942355 0.47991368788859207
1.4786967418546366 0.48316916916628494
1.4849624060150375 0.4871925522613958
1.4912280701754386 0.4919873119587805
1.4974937343358394 0.49755572766784534
1.5037593984962405 0.5037593984962405
1.5100250626566416 0.5100250626566416
1.5162907268170425 0.5162907268170425
1.5225563909774436 0.5225563909774436
1.5288220551378444 0.5288220551378444
1.5350877192982455 0.5350877192982455
1.5413533834586466 0.5413533834586466
1.5476190476190474 0.5476190476190474
1.5538847117794485 0.5538847117794485
1.5601503759398496 0.5601503759398496
1.5664160401002505 0.5664160401002505
1.5726817042606516 0.5726817042606516
1.5789473684210527 0.5789473684210527
1.5852130325814535 0.5852130325814535
1.5914786967418546 0.5914786967418546
1.5977443609022555 0.5977443609022555
1.6040100250626566 0.6040100250626566
1.6102756892230576 0.6102756892230576
1.6165413533834585 0.6165413533834585
1.6228070175438596 0.6228070175438596
1.6290726817042605 0.6290726817042605
1.6353383458646615 0.6353383458646615
1.6416040100250626 0.6416040100250626
1.6478696741854635 0.6478696741854635
1.6541353383458646 0.6541353383458646
1.6604010025062657 0.6604010025062657
1.6666666666666665 0.6666666666666665
1.6729323308270676 0.6729323308270676
1.6791979949874687 0.6791979949874687
1.6854636591478696 0.6854636591478696
1.6917293233082706 0.6917293233082706
1.6979949874686715 0.6979949874686715
1.7042606516290726 0.7042606516290726
1.7105263157894737 0.7105263157894737
1.7167919799498745 0.7167919799498745
1.7230576441102756 0.7230576441102756
1.7293233082706765 0.7293233082706765
1.7355889724310776 0.7355889724310776
1.7418546365914787 0.7418546365914787
1.7481203007518795 0.7481203007518795
1.7543859649122806 0.7543859649122806
1.7606516290726817 0.7606516290726817
1.7669172932330826 0.7669172932330826
1.7731829573934836 0.7731829573934836
1.7794486215538847 0.7794486215538847
1.7857142857142856 0.7857142857142856
1.7919799498746867 0.7919799498746867
1.7982456140350875 0.7982456140350875
1.8045112781954886 0.8045112781954886
1.8107769423558897 0.8107769423558897
1.8170426065162906 0.8170426065162906
1.8233082706766917 0.8233082706766917
1.8295739348370925 0.8295739348370925
1.8358395989974936 0.8358395989974936
1.8421052631578947 0.8421052631578947
1.8483709273182956 0.8483709273182956
1.8546365914786966 0.8546365914786966
1.8609022556390977 0.8609022556390977
1.8671679197994986 0.8671679197994986
1.8734335839598997 0.8734335839598997
1.8796992481203008 0.8796992481203008
1.8859649122807016 0.8859649122807016
1.8922305764411027 0.8922305764411027
1.8984962406015036 0.8984962406015036
1.9047619047619047 0.9047619047619047
1.9110275689223057 0.9110275689223057
1.9172932330827066 0.9172932330827066
1.9235588972431077 0.9235588972431077
1.9298245614035086 0.9298245614035086
1.9360902255639096 0.9360902255639096
1.9423558897243107 0.9423558897243107
1.9486215538847116 0.9486215538847116
1.9548872180451127 0.9548872180451127
1.9611528822055138 0.9611528822055138
1.9674185463659146 0.9674185463659146
1.9736842105263157 0.9736842105263157
1.9799498746867168 0.9799498746867168
1.9862155388471177 0.9862155388471177
1.9924812030075187 0.9924812030075187
1.9987468671679196 0.9987468671679196
2.0050125313283207 1.0
2.0112781954887216 1.0
2.017543859649123 1.0
2.0238095238095237 1.0
2.0300751879699246 1.0
2.036340852130326 1.0
2.0426065162907268 1.0
2.0488721804511276 1.0
2.0551378446115285 1.0
2.06140350877193 1.0
2.0676691729323307 1.0
2.0739348370927315 1.0
2.080200501253133 1.0
2.0864661654135337 1.0
2.0927318295739346 1.0
2.098997493734336 1.0
2.1052631578947367 1.0
2.1115288220551376 1.0
2.117794486215539 1.0
2.1240601503759398 1.0
2.1303258145363406 1.0
2.136591478696742 1.0
2.142857142857143 1.0
2.1491228070175437 1.0
2.155388471177945 1.0
2.161654135338346 1.0
2.1679197994987467 1.0
2.1741854636591476 1.0
2.180451127819549 1.0
2.1867167919799497 1.0
2.1929824561403506 1.0
2.199248120300752 1.0
2.2055137844611528 1.0
2.2117794486215536 1.0
2.218045112781955 1.0
2.224310776942356 1.0
2.2305764411027567 1.0
2.236842105263158 1.0
2.243107769423559 1.0
2.2493734335839597 1.0
2.2556390977443606 1.0
2.261904761904762 1.0
2.2681704260651627 1.0
2.2744360902255636 1.0
2.280701754385965 1.0
2.2869674185463658 1.0
2.2932330827067666 1.0
2.299498746867168 1.0
2.305764411027569 1.0
2.3120300751879697 1.0
2.318295739348371 1.0
2.324561403508772 1.0
2.3308270676691727 1.0
2.337092731829574 1.0
2.343358395989975 1.0
2.3496240601503757 1.0
2.355889724310777 1.0
2.362155388471178 1.0
2.3684210526315788 1.0
2.3746867167919796 1.0
2.380952380952381 1.0
2.387218045112782 1.0
2.3934837092731827 1.0
2.399749373433584 1.0
2.406015037593985 1.0
2.4122807017543857 1.0
2.418546365914787 1.0
2.424812030075188 1.0
2.4310776942355887 1.0
2.43734335839599 1.0
2.443609022556391 1.0
2.4498746867167918 1.0
2.4561403508771926 1.0
2.462406015037594 1.0
2.468671679197995 1.0
2.4749373433583957 1.0
2.481203007518797 1.0
2.487468671679198 1.0
2.4937343358395987 1.0
2.5 1.0
