0.0 0.0
0.005012531328320802 0.0
0.010025062656641603 0.0
0.015037593984962405 0.0
0.020050125313283207 0.0
0.02506265664160401 0.0
0.03007518796992481 0.0
0.03508771929824561 0.0
0.040100250626566414 0.0
0.045112781954887216 0.0
0.05012531328320802 0.0
0.05513784461152882 0.0
0.06015037593984962 0.0
0.06516290726817042 0.0
0.07017543859649122 0.0
0.07518796992481203 0.0
0.08020050125313283 0.0
0.08521303258145363 0.0
0.09022556390977443 0.0
0.09523809523809523 0.0
0.10025062656641603 0.0
0.10526315789473684 0.0
0.11027568922305764 0.0
0.11528822055137844 0.0
0.12030075187969924 0.0
0.12531328320802004 0.0
0.13032581453634084 0.0
0.13533834586466165 0.0
0.14035087719298245 0.0
0.14536340852130325 0.0
0.15037593984962405 0.0
0.15538847117794485 0.0
0.16040100250626566 0.0
0.16541353383458646 0.0
0.17042606516290726 0.0
0.17543859649122806 0.0
0.18045112781954886 0.0
0.18546365914786966 0.0
0.19047619047619047 0.0
0.19548872180451127 0.0
0.20050125313283207 0.0
0.20551378446115287 0.0
0.21052631578947367 0.0
0.21553884711779447 0.0
0.22055137844611528 0.0
0.22556390977443608 0.0
0.23057644110275688 0.0
0.23558897243107768 0.0
0.24060150375939848 0.0
0.24561403508771928 0.0
0.2506265664160401 0.0
0.2556390977443609 0.0
0.2606516290726817 0.0
0.2656641604010025 0.0
0.2706766917293233 0.0
0.2756892230576441 0.0
0.2807017543859649 0.0
0.2857142857142857 0.0
0.2907268170426065 0.0
0.2957393483709273 0.0
0.3007518796992481 0.0
0.3057644110275689 0.0
0.3107769423558897 0.0
0.3157894736842105 0.0
0.3208020050125313 0.0
0.3258145363408521 0.0
0.3308270676691729 0.0
0.3358395989974937 0.0
0.3408521303258145 0.0
0.3458646616541353 0.0
0.3508771929824561 0.0
0.3558897243107769 0.0
0.3609022556390977 0.0
0.3659147869674185 0.0
0.37092731829573933 0.0
0.37593984962406013 0.0
0.38095238095238093 0.0
0.38596491228070173 0.0
0.39097744360902253 0.0
0.39598997493734334 0.0
0.40100250626566414 0.0
0.40601503759398494 0.0
0.41102756892230574 0.0
0.41604010025062654 0.0
0.42105263157894735 0.0
0.42606516290726815 0.0
0.43107769423558895 0.0
0.43609022556390975 0.0
0.44110275689223055 0.0
0.44611528822055135 0.0
0.45112781954887216 0.0
0.45614035087719296 0.0
0.46115288220551376 0.0
0.46616541353383456 0.0
0.47117794486215536 0.0
0.47619047619047616 0.0
0.48120300751879697 0.0
0.48621553884711777 0.0
0.49122807017543857 0.0
0.49624060150375937 0.0
0.5012531328320802 0.0
0.506265664160401 0.0
0.5112781954887218 0.0
0.5162907268170426 0.0
0.5213032581453634 0.0
0.5263157894736842 0.0
0.531328320802005 0.0
0.5363408521303258 0.0
0.5413533834586466 0.0
0.5463659147869674 0.0
0.5513784461152882 0.0
0.556390977443609 0.0
0.5614035087719298 0.0
0.5664160401002506 0.0
0.5714285714285714 0.0
0.5764411027568922 0.0
0.581453634085213 0.0
0.5864661654135338 0.0
0.5914786967418546 0.0
0.5964912280701754 0.0
0.6015037593984962 0.0
0.606516290726817 0.0
0.6115288220551378 0.0
0.6165413533834586 0.0
0.6215538847117794 0.0
0.6265664160401002 0.0
0.631578947368421 0.0
0.6365914786967418 0.0
0.6416040100250626 0.0
0.6466165413533834 0.0
0.6516290726817042 0.0
0.656641604010025 0.0
0.6616541353383458 0.0
0.6666666666666666 0.0
0.6716791979949874 0.0
0.6766917293233082 0.0
0.681704260651629 0.0
0.6867167919799498 0.0
0.6917293233082706 0.0
0.6967418546365914 0.0
0.7017543859649122 0.0
0.706766917293233 0.0
0.7117794486215538 0.0
0.7167919799498746 0.0
0.7218045112781954 0.0
0.7268170426065163 0.0
0.731829573934837 0.0
0.7368421052631579 0.0
0.7418546365914787 0.0
0.7468671679197995 0.0
0.7518796992481203 0.0
0.7568922305764411 0.0
0.7619047619047619 0.0
0.7669172932330827 0.0
0.7719298245614035 0.0
0.7769423558897243 0.0
0.7819548872180451 0.0
0.7869674185463659 0.0
0.7919799498746867 0.0
0.7969924812030075 0.0
0.8020050125313283 0.0
0.8070175438596491 0.0
0.8120300751879699 0.0
0.8170426065162907 0.0
0.8220551378446115 0.0
0.8270676691729323 0.0
0.8320802005012531 0.0
0.8370927318295739 0.0
0.8421052631578947 0.0
0.8471177944862155 0.0
0.8521303258145363 0.0
0.8571428571428571 0.0
0.8621553884711779 0.0
0.8671679197994987 0.0
0.8721804511278195 0.0
0.8771929824561403 0.0
0.8822055137844611 0.0
0.8872180451127819 0.0
0.8922305764411027 0.0
0.8972431077694235 0.0
0.9022556390977443 0.0
0.9072681704260651 0.0
0.9122807017543859 0.0
0.9172932330827067 0.0
0.9223057644110275 0.0
0.9273182957393483 0.0
0.9323308270676691 0.0
0.9373433583959899 0.0
0.9423558897243107 0.0
0.9473684210526315 0.0
0.9523809523809523 0.0
0.9573934837092731 0.0
0.9624060150375939 0.0
0.9674185463659147 0.0
0.9724310776942355 0.0
0.9774436090225563 0.0
0.9824561403508771 0.0
0.9874686716791979 0.0
0.9924812030075187 0.0
0.9974937343358395 0.0
1.0025062656641603 1.431702348190006E-4
1.007518796992481 4.38639375827931E-4
1.012531328320802 7.467119840112184E-4
1.0175438596491229 0.0010679256701131468
1.0225563909774436 0.001402840977084541
1.0275689223057642 0.00175204235827399
1.0325814536340852 0.0021161391973445304
1.037593984962406 0.0024957668716956653
1.0426065162907268 0.0028915878612465282
1.0476190476190474 0.0033042929045151007
1.0526315789473684 0.0037346022040107884
1.0576441102756893 0.00418326668304397
1.06265664160401 0.004651069296145818
1.0676691729323307 0.005138826395385093
1.0726817042606516 0.005647389154966189
1.0776942355889725 0.0061776450565944946
1.0827067669172932 0.006730519438201273
1.0877192982456139 0.007306977108730611
1.0927318295739348 0.007908024031806309
1.0977443609022557 0.008534709081216809
1.1027568922305764 0.009188125871281913
1.107769423558897 0.009869414665295137
1.112781954887218 0.010579764365372132
1.117794486215539 0.011320414587177564
1.1228070175438596 0.012092657823151278
1.1278195488721803 0.01289784169800852
1.1328320802005012 0.013737371320450205
1.137844611528822 0.014612711735187158
1.1428571428571428 0.015525390479557548
1.1478696741854635 0.016477000249198844
1.1528822055137844 0.017469201677425935
1.1578947368421053 0.018503726233165752
1.162907268170426 0.019582379242505762
1.1679197994987467 0.02070704303912901
1.1729323308270676 0.021879680249133195
1.1779448621553885 0.02310233721596623
1.1829573934837092 0.024377147571455447
1.18796992481203 0.025706335959161684
1.1929824561403508 0.02709222191655587
1.1979949874686717 0.028537223922792777
1.2030075187969924 0.030043863619146006
1.208020050125313 0.03161477020946897
1.213032581453634 0.03325268504836067
1.218045112781955 0.034960466425043246
1.2230576441102756 0.03674109455129991
1.2280701754385963 0.03859767676217724
1.2330827067669172 0.0405334529385272
1.2380952380952381 0.042551801160851874
1.2431077694235588 0.04465624360431779
1.2481203007518795 0.04685045268522659
1.2531328320802004 0.04913825746966803
1.2581453634085213 0.05152365035553878
1.263157894736842 0.05401079403958864
1.2681704260651627 0.05660402878165134
1.2731829573934836 0.05930787997873669
1.2781954887218046 0.062127066062201065
1.2832080200501252 0.0650665067317787
1.288220551378446 0.06813133154084189
1.2932330827067668 0.07132688884787183
1.2982456140350878 0.07465875514976113
1.3032581453634084 0.07813274481323641
1.3082706766917291 0.08175492022138235
1.31328320802005 0.08553160235297307
1.318295739348371 0.08946938181307294
1.3233082706766917 0.09357513033415715
1.3283208020050123 0.09785601276782145
1.3333333333333333 0.10231949958800729
1.3383458646616542 0.1069733799275611
1.3433583959899749 0.1118257751708796
1.3483709273182956 0.11688515312635969
1.3533834586466165 0.12216034280338484
1.3583959899749374 0.12766054981963457
1.363408521303258 0.13339537246560665
1.3684210526315788 0.13937481845438315
1.3734335839598997 0.14560932238587096
1.3784461152882206 0.15210976395599166
1.3834586466165413 0.1588874869426011
1.388471177944862 0.16595431900126725
1.3934837092731829 0.17332259230545224
1.3984962406015038 0.1810051650671162
1.4035087719298245 0.1890154439753016
1.4085213032581452 0.19736740759185237
1.413533834586466 0.2060756307450951
1.418546365914787 0.2151553099640509
1.4235588972431077 0.22462228999756476
1.4285714285714284 0.23449309146463035
1.4335839598997493 0.24478493968415874
1.4385964912280702 0.2555157947345026
1.443609022556391 0.26670438279519637
1.4486215538847116 0.2783702288256011
1.4536340852130325 0.2905336906374821
1.4586466165413534 0.3032159944209783
1.463659147869674 0.31643927178596015
1.4686716791979948 0.3302265983834191
1.4736842105263157 0.34460203417427776
1.4786967418546366 0.35959066541589724
1.4837092731829573 0.3752186484395568
1.488721804511278 0.3915132552952932
1.493734335839599 0.4085029213437563
1.4987468671679198 0.4262172948781307
1.5037593984962405 0.4446872888627214
1.5087719298245612 0.4639451348784931
1.5137844611528821 0.4840244393696907
1.518796992481203 0.504960242289706
1.5238095238095237 0.5267890782485344
1.5288220551378444 0.5495490402685201
1.5338345864661653 0.5732798462596527
1.5388471177944862 0.5980229083304177
1.543859649122807 0.6238214050551582
1.5488721804511276 0.6507203568240616
1.5538847117794485 0.6787667044072498
1.5588972431077694 0.7080093908700844
1.5639097744360901 0.7384994469826397
1.5689223057644108 0.7702900802723792
1.5739348370927317 0.8034367678754424
1.5789473684210527 0.8379973533485744
1.5839598997493733 0.874032147610647
1.588972431077694 0.9116040341899257
1.593984962406015 0.9507785789607288
1.5989974937343359 0.9916241445609911
1.6040100250626566 1.034212009690409
1.6090225563909772 1.0786164934973346
1.6140350877192982 1.124915085271487
1.619047619047619 1.173188579668809
1.6240601503759398 1.2235212177044446
1.6290726817042605 1.2760008337598974
1.6340852130325814 1.330719008860871
1.6390977443609023 1.387771230493302
1.644110275689223 1.4472570592364846
1.6491228070175437 1.5092803025040509
1.6541353383458646 1.5739491956960068
1.6591478696741855 1.6413765910779488
1.6641604010025062 1.7116801547170715
1.6691729323308269 1.7849825718186567
1.6741854636591478 1.8614117608213143
1.6791979949874687 1.9411010966246394
1.6842105263157894 2.024189643338829
1.68922305764411 2.1108223969624107
1.694235588972431 2.201150538411572
1.699248120300752 2.2953316973426507
1.7042606516290726 2.3935302272281858
1.7092731829573933 2.495917492166578
1.7142857142857142 2.6026721659257928
1.719298245614035 2.713980543743024
1.7243107769423558 2.83003686742444
1.7293233082706765 2.9510436643122917
1.7343358395989974 3.0772121007109314
1.7393483709273183 3.2087623503884775
1.744360902255639 3.3459239787972295
1.7493734335839597 3.488936343683323
1.7543859649122806 3.6380490127846525
1.7593984962406015 3.7935221993460426
1.7644110275689222 3.955627216211686
1.769423558897243 4.124646949287239
1.7744360902255638 4.3008763511977905
1.7794486215538847 4.484622956003205
1.7844611528822054 4.676207415869051
1.789473684210526 4.875964060629704
1.794486215538847 5.084241481219952
1.799498746867168 5.30140313799338
1.8045112781954886 5.527827994989075
1.8095238095238093 5.763911181253457
1.8145363408521302 6.01006468037129
1.8195488721804511 6.26671804940918
1.8245614035087718 6.534319168526151
1.8295739348370925 6.813335022559578
1.8345864661654134 7.104252515950082
1.8395989974937343 7.407579322427795
1.844611528822055 7.723844770942649
1.8496240601503757 8.053600769384731
1.8546365914786966 8.397422767706596
1.8596491228070176 8.755910762128325
1.8646616541353382 9.129690342177774
1.869674185463659 9.519413782393144
1.8746867167919798 9.92576118059297
1.8796992481203008 10.349441644699775
1.8847117794486214 10.791194530188864
1.8897243107769421 11.251790730321305
1.894736842105263 11.732034021412822
1.899749373433584 12.232762465486164
1.9047619047619047 12.754849872754699
1.9097744360902253 13.299207326489613
1.9147869674185463 13.866784772931155
1.9197994987468672 14.458572679018992
1.9248120300751879 15.075603760834332
1.9298245614035086 15.718954785770146
1.9348370927318295 16.38974845157423
1.9398496240601504 17.08915534554438
1.944862155388471 17.818395987294608
1.9498746867167918 18.578742958657152
1.9548872180451127 19.37152312443714
1.9598997493734336 20.19811994789498
1.9649122807017543 21.05997590499798
1.969924812030075 21.958595001653475
1.9749373433583959 22.89554539831634
1.9799498746867168 23.872462146551587
1.9849624060150375 24.891050042326533
1.9899749373433582 25.953086601013474
1.994987468671679 27.060425159292173
2.0 28.214998109367283
