0.9 0.0
0.902020202020202 0.0
0.9040404040404041 0.0
0.9060606060606061 0.0
0.9080808080808082 0.0
0.9101010101010101 0.0
0.9121212121212121 0.0
0.9141414141414141 0.0
0.9161616161616162 0.0
0.9181818181818182 0.0
0.9202020202020202 0.0
0.9222222222222223 0.0
0.9242424242424243 0.0
0.9262626262626263 0.0
0.9282828282828283 0.0
0.9303030303030303 0.0
0.9323232323232323 0.0
0.9343434343434344 0.0
0.9363636363636364 0.0
0.9383838383838384 0.0
0.9404040404040405 0.0
0.9424242424242425 0.0
0.9444444444444445 0.0
0.9464646464646465 0.0
0.9484848484848485 0.0
0.9505050505050505 0.0
0.9525252525252526 0.0
0.9545454545454546 0.0
0.9565656565656566 0.0
0.9585858585858587 0.0
0.9606060606060607 0.0
0.9626262626262627 0.0
0.9646464646464648 0.0
0.9666666666666667 0.0
0.9686868686868687 0.0
0.9707070707070707 0.0
0.9727272727272728 0.0
0.9747474747474748 0.0
0.9767676767676768 0.0
0.9787878787878789 0.0
0.9808080808080809 0.0
0.9828282828282828 0.0
0.9848484848484849 0.0
0.9868686868686869 0.0
0.9888888888888889 0.0
0.990909090909091 0.0
0.992929292929293 0.0
0.994949494949495 0.0
0.9969696969696971 0.0
0.9989898989898991 0.0
1.0010101010101011 0.002291935482793892
1.0030303030303032 0.007827492676667195
1.0050505050505052 0.014927833195778919
1.0070707070707072 0.024035287734075154
1.0090909090909093 0.03571722438822162
1.011111111111111 0.05070139405029752
1.013131313131313 0.06992126718513693
1.0151515151515151 0.0945741863424944
1.0171717171717172 0.12619595713751175
1.0191919191919192 0.1667565245019728
1.0212121212121212 0.21878269456029908
1.0232323232323233 0.28551554734848517
1.0252525252525253 0.36885536876049185
1.0272727272727273 0.45531353742343905
1.0292929292929294 0.5417717060863863
1.0313131313131314 0.6282298747493333
1.0333333333333334 0.7146880434122806
1.0353535353535355 0.8011462120752277
1.0373737373737375 0.887604380738175
1.0393939393939395 0.9740625494011221
1.0414141414141416 1.0605207180640694
1.0434343434343436 1.1469788867270165
1.0454545454545454 1.2334370553899543
1.0474747474747477 1.319895224052911
1.0494949494949495 1.4063533927158487
1.0515151515151515 1.492811561378796
1.0535353535353535 1.579269730041743
1.0555555555555556 1.6657278987046902
1.0575757575757576 1.7521860673676373
1.0595959595959596 1.8386442360305846
1.0616161616161617 1.9251024046935317
1.0636363636363637 2.011560573356479
1.0656565656565657 2.098018742019426
1.0676767676767678 2.184476910682373
1.0696969696969698 2.2709350793453202
1.0717171717171718 2.3573932480082678
1.0737373737373739 2.443851416671215
1.075757575757576 2.530309585334162
1.077777777777778 2.616767753997109
1.07979797979798 2.7032259226600566
1.081818181818182 2.7896840913230037
1.0838383838383838 2.8761422599859414
1.085858585858586 2.962600428648898
1.087878787878788 3.0490585973118356
1.08989898989899 3.1355167659747827
1.091919191919192 3.22197493463773
1.093939393939394 3.3084331033006773
1.095959595959596 3.3948912719636244
1.097979797979798 3.4813494406265715
1.1 3.567807609289519
