-1.0 0.0
-0.9949874686716792 0.0
-0.9899749373433584 0.0
-0.9849624060150376 0.0
-0.9799498746867168 0.0
-0.974937343358396 0.0
-0.9699248120300752 0.0
-0.9649122807017544 0.0
-0.9598997493734336 0.0
-0.9548872180451128 0.0
-0.949874686716792 0.0
-0.9448621553884712 0.0
-0.9398496240601504 0.0
-0.9348370927318296 0.0
-0.9298245614035088 0.0
-0.924812030075188 0.0
-0.9197994987468672 0.0
-0.9147869674185464 0.0
-0.9097744360902256 0.0
-0.9047619047619048 0.0
-0.899749373433584 0.0
-0.8947368421052632 0.0
-0.8897243107769424 0.0
-0.8847117794486216 0.0
-0.8796992481203008 0.0
-0.87468671679198 0.0
-0.8696741854636592 0.0
-0.8646616541353384 0.0
-0.8596491228070176 0.0
-0.8546365914786967 0.0
-0.849624060150376 0.0
-0.8446115288220551 0.0
-0.8395989974937343 0.0
-0.8345864661654135 0.0
-0.8295739348370927 0.0
-0.8245614035087719 0.0
-0.8195488721804511 0.0
-0.8145363408521303 0.0
-0.8095238095238095 0.0
-0.8045112781954887 0.0
-0.7994987468671679 0.0
-0.7944862155388471 0.0
-0.7894736842105263 0.0
-0.7844611528822055 0.0
-0.7794486215538847 0.0
-0.7744360902255639 0.0
-0.7694235588972431 0.0
-0.7644110275689223 0.0
-0.7593984962406015 0.0
-0.7543859649122807 0.0
-0.7493734335839599 0.0
-0.7443609022556391 0.0
-0.7393483709273183 0.0
-0.7343358395989975 0.0
-0.7293233082706767 0.0
-0.7243107769423559 0.0
-0.7192982456140351 0.0
-0.7142857142857143 0.0
-0.7092731829573935 0.0
-0.7042606516290727 0.0
-0.6992481203007519 0.0
-0.6942355889724311 0.0
-0.6892230576441103 0.0
-0.6842105263157895 0.0
-0.6791979949874687 0.0
-0.6741854636591479 0.0
-0.6691729323308271 0.0
-0.6641604010025063 0.0
-0.6591478696741855 0.0
-0.6541353383458647 0.0
-0.6491228070175439 0.0
-0.6441102756892231 0.0
-0.6390977443609023 0.0
-0.6340852130325815 0.0
-0.6290726817042607 0.0
-0.6240601503759399 3.011141222523269E-4
-0.6190476190476191 0.0019193857965450988
-0.6140350877192983 0.0035587188612099573
-0.6090225563909775 0.00521952717224439
-0.6040100250626567 0.00690223550015452
-0.5989974937343359 0.008607279892149738
-0.5939849624060151 0.010335108048856867
-0.5889724310776943 0.012086179716237511
-0.5839598997493735 0.01386096709342926
-0.5789473684210527 0.015659955257270684
-0.5739348370927319 0.017483642604311907
-0.568922305764411 0.019332541311156703
-0.5639097744360902 0.021207177814029355
-0.5588972431077694 0.023108093308509464
-0.5538847117794486 0.025035844270431224
-0.5488721804511278 0.026991002999000323
-0.543859649122807 0.028974158183241963
-0.5388471177944862 0.030985915492957736
-0.5338345864661654 0.03302689819543751
-0.5288220551378446 0.035097747799245446
-0.5238095238095238 0.03719912472647701
-0.518796992481203 0.03933170901496692
-0.5137844611528822 0.04149620105201635
-0.5087719298245614 0.04369332234130254
-0.5037593984962406 0.04592381630473477
-0.4987468671679198 0.04818844912112877
-0.493734335839599 0.050488010603687176
-0.4887218045112782 0.05282331511839707
-0.4837092731829574 0.05519520254558804
-0.4786967418546366 0.05760453928703588
-0.4736842105263158 0.06005221932114881
-0.468671679197995 0.06253916530893594
-0.4636591478696742 0.06506632975363233
-0.4586466165413534 0.0676346962170424
-0.4536340852130326 0.07024528059586489
-0.4486215538847118 0.07289913246147868
-0.443609022556391 0.07559733646690167
-0.4385964912280702 0.07834101382488477
-0.4335839598997494 0.08113132386137298
-0.4285714285714286 0.08396946564885495
-0.4235588972431078 0.08685667972443602
-0.418546365914787 0.08979424989780622
-0.4135338345864662 0.09278350515463915
-0.4085213032581454 0.09582582166135069
-0.4035087719298246 0.09892262487757099
-0.3984962406015038 0.10207539178314272
-0.393483709273183 0.10528565322695539
-0.3884711779448622 0.10855499640546368
-0.3834586466165414 0.11188506747932082
-0.3784461152882206 0.11527757433719055
-0.3734335839598998 0.11873428951648674
-0.368421052631579 0.12225705329153602
-0.3634085213032582 0.1258477769404672
-0.3583959899749374 0.12950844620301322
-0.3533834586466166 0.13324112494236973
-0.3483709273182958 0.13704795902529873
-0.343358395989975 0.14093118043580496
-0.33834586466165417 0.14489311163895485
-0.33333333333333337 0.14893617021276592
-0.32832080200501257 0.15306287376757716
-0.32330827067669177 0.1572758451739343
-0.31829573934837097 0.16157781812180225
-0.31328320802005016 0.16597164303586318
-0.30827067669172936 0.17046029337379864
-0.30325814536340856 0.175046872336799
-0.29824561403508776 0.1797346200241254
-0.29323308270676696 0.18452692106638782
-0.28822055137844615 0.18942731277533037
-0.28320802005012535 0.19443949385136336
-0.27819548872180455 0.19956733369388854
-0.27318295739348375 0.2048148823636695
-0.26817042606516295 0.2101863812511533
-0.26315789473684215 0.21568627450980388
-0.25814536340852134 0.22131922131922127
-0.25313283208020054 0.22709010904916774
-0.24812030075187974 0.23300406740267282
-0.24310776942355894 0.23906648362424
-0.23809523809523814 0.24528301886792447
-0.23308270676691734 0.2516596258298129
-0.22807017543859653 0.25820256776034234
-0.22305764411027573 0.2649184389841007
-0.21804511278195493 0.2718141870684243
-0.21303258145363413 0.27889713679745487
-0.20802005012531333 0.28617501612556434
-0.20300751879699253 0.29365598430346623
-0.19799498746867172 0.30134866239221747
-0.19298245614035092 0.30926216640502346
-0.18796992481203012 0.31740614334470985
-0.18295739348370932 0.32579081043638874
-0.17794486215538852 0.3344269978907897
-0.17293233082706772 0.3433261955745895
-0.1679197994987469 0.3525006040106305
-0.1629072681704261 0.361963190184049
-0.1578947368421053 0.37172774869109937
-0.1528822055137845 0.38180896883709137
-0.1478696741854637 0.39222250836981704
-0.1428571428571429 0.40298507462686556
-0.1378446115288221 0.41411451398135807
-0.1328320802005013 0.42562991059333505
-0.1278195488721805 0.43755169561621166
-0.1228070175438597 0.4499017681728879
-0.1177944862155389 0.46270362960845945
-0.1127819548872181 0.4759825327510916
-0.10776942355889729 0.4897656481756154
-0.10275689223057649 0.5040822497732081
-0.09774436090225569 0.5189639222941719
-0.09273182957393489 0.5344447939603647
-0.08771929824561409 0.5505617977528088
-0.08270676691729328 0.5673549655850539
-0.07769423558897248 0.5848677602946097
-0.07268170426065168 0.6031474512487168
-0.06766917293233088 0.6222455403987406
-0.06265664160401008 0.6422182468694094
-0.057644110275689275 0.6631270596850968
-0.052631578947368474 0.6850393700787399
-0.04761904761904767 0.7080291970802918
-0.04260651629072687 0.732178022843639
-0.03759398496240607 0.7575757575757573
-0.03258145363408527 0.7843218581501449
-0.027568922305764465 0.8125266297400934
-0.022556390977443663 0.8423127463863335
-0.01754385964912286 0.8738170347003151
-0.01253132832080206 0.9071925754060322
-0.007518796992481258 0.9426111908177901
-0.0025062656641604564 0.980266403552047
0.0025062656641603454 1.0190930787589494
0.007518796992481036 1.0522875816993456
0.012531328320801949 1.0801603206412822
0.01754385964912286 1.1038961038961042
0.022556390977443552 1.1243523316062174
0.027568922305764243 1.1421647819062999
0.032581453634085156 1.1578148710166918
0.03759398496240607 1.1716738197424894
0.04260651629072676 1.1840324763193502
0.04761904761904745 1.195121951219512
0.05263157894736836 1.205128205128205
0.057644110275689275 1.2142025611175788
0.06265664160400997 1.2224694104560623
0.06766917293233066 1.2300319488817888
0.07268170426065157 1.236976506639428
0.07769423558897248 1.2433758586849852
0.08270676691729317 1.2492917847025495
0.08771929824561386 1.2547770700636942
0.09273182957393478 1.259877085162423
0.09774436090225569 1.2646310432569974
0.10275689223057638 1.269073010664479
0.10776942355889707 1.273232724384432
0.11278195488721798 1.277136258660508
0.1177944862155389 1.280806572068708
0.12280701754385959 1.284263959390863
0.12781954887218028 1.2875264270613107
0.1328320802005012 1.2906100068540096
0.1378446115288221 1.2935290193462308
0.1428571428571428 1.2962962962962963
0.14786967418546348 1.2989233692210258
0.1528822055137844 1.3014206300185298
0.1578947368421053 1.3037974683544304
0.162907268170426 1.306062389640965
0.1679197994987467 1.3082231167337548
0.1729323308270676 1.3102866779089377
0.17794486215538852 1.3122594832325454
0.1829573934837092 1.314147391070468
0.1879699248120299 1.3159557661927328
0.1929824561403508 1.3176895306859204
0.19799498746867172 1.319353208691258
0.20300751879699241 1.3209509658246656
0.2080200501253131 1.3224866440019427
0.21303258145363402 1.3239637922820389
0.21804511278195493 1.3253856942496494
0.22305764411027562 1.3267553923818263
0.2280701754385963 1.3280757097791795
0.23308270676691722 1.3293492695883133
0.23809523809523814 1.3305785123966942
0.24310776942355883 1.3317657118426678
0.24812030075187952 1.3329129886506936
0.25313283208020043 1.3340223232740802
0.25814536340852134 1.3350955673037819
0.26315789473684204 1.3361344537815125
0.2681704260651627 1.337140606538007
0.27318295739348364 1.338115548662272
0.27819548872180455 1.3390607101947307
0.28320802005012524 1.3399774351259872
0.28822055137844593 1.3408669877732493
0.29323308270676685 1.3417305585980284
0.29824561403508776 1.3425692695214104
0.30325814536340845 1.3433841787868037
0.30827067669172914 1.3441762854144805
0.31328320802005005 1.3449465332873403
0.31829573934837097 1.345695814903028
0.32330827067669166 1.3464249748237664
0.32832080200501235 1.3471348128519376
0.33333333333333326 1.3478260869565215
0.33834586466165417 1.3484995159728943
0.34335839598997486 1.349155782096209
0.34837092731829555 1.3497955331865366
0.35338345864661647 1.3504193849021433
0.3583959899749374 1.3510279226756674
0.36340852130325807 1.3516217035465292
0.36842105263157876 1.352201257861635
0.3734335839598997 1.3527670908552827
0.3784461152882206 1.353319684118163
0.3834586466165413 1.3538594969644406
0.38847117794486197 1.3543869677050586
0.3934837092731829 1.3549025148346987
0.3984962406015038 1.355406538139145
0.4035087719298245 1.3558994197292067
0.4085213032581452 1.3563815250068323
0.4135338345864661 1.356853203568532
0.418546365914787 1.3573147900508158
0.4235588972431077 1.357766604921937
0.4285714285714284 1.3582089552238805
0.4335839598997493 1.3586421352682043
0.4385964912280702 1.3590664272890483
0.4436090225563909 1.3594821020563592
0.4486215538847116 1.3598894194521238
0.4536340852130325 1.3602886290121918
0.4586466165413534 1.360679970436068
0.4636591478696741 1.3610636740668454
0.4686716791979948 1.3614399613433192
0.4736842105263157 1.3618090452261304
0.4786967418546366 1.3621711305996678
0.4837092731829573 1.3625264146513265
0.488721804511278 1.362875087229588
0.4937343358395989 1.3632173311822997
0.4987468671679198 1.36355332267641
0.5037593984962405 1.363883231500339
0.5087719298245612 1.3642072213500782
0.5137844611528821 1.3645254501000221
0.518796992481203 1.3648380700594844
0.5238095238095237 1.3651452282157674
0.5288220551378444 1.3654470664646026
0.5338345864661653 1.3657437218287185
0.5388471177944862 1.3660353266652476
0.5438596491228069 1.366322008862629
0.5488721804511276 1.366603892027621
0.5538847117794485 1.3668810956630004
0.5588972431077694 1.3671537353364889
0.5639097744360901 1.367421922841396
0.5689223057644108 1.3676857663494633
0.5739348370927317 1.3679453705563365
0.5789473684210527 1.3682008368200833
0.5839598997493733 1.3684522632931408
0.588972431077694 1.3686997450480485
0.593984962406015 1.3689433741973143
0.5989974937343359 1.3691832400077233
0.6040100250626566 1.3694194290093886
0.6090225563909772 1.3696520250998285
0.6140350877192982 1.3698811096433288
0.6190476190476191 1.3701067615658362
0.6240601503759398 1.3703290574456217
0.6290726817042605 1.370548071599926
0.6340852130325814 1.370763876167796
0.6390977443609023 1.370976541189307
0.644110275689223 1.37118613468135
0.6491228070175437 1.3713927227101628
0.6541353383458646 1.371596369460758
0.6591478696741855 1.3717971373034104
0.6641604010025062 1.3719950868573432
0.6691729323308269 1.372190277051751
0.6741854636591478 1.372382765184288
0.6791979949874687 1.3725726069771436
0.6842105263157894 1.3727598566308241
0.6892230576441101 1.3729445668757416
0.694235588972431 1.3731267890217205
0.6992481203007519 1.3733065730055192
0.7042606516290726 1.373483967436451
0.7092731829573933 1.3736590196402043
0.7142857142857142 1.3738317757009344
0.7192982456140351 1.3740022805017102
0.7243107769423558 1.3741705777633921
0.7293233082706765 1.3743367100820065
0.7343358395989974 1.3745007189646907
0.7393483709273183 1.374662644864264
0.744360902255639 1.374822527212494
0.7493734335839597 1.3749804044521086
0.7543859649122806 1.3751363140676116
0.7593984962406015 1.3752902926149557
0.7644110275689222 1.3754423757501153
0.7694235588972429 1.375592598256614
0.7744360902255638 1.3757409940720473
0.7794486215538847 1.3758875963136423
0.7844611528822054 1.3760324373028983
0.7894736842105261 1.3761755485893417
0.794486215538847 1.376316960973438
0.7994987468671679 1.3764567045286915
0.8045112781954886 1.3765948086229651
0.8095238095238093 1.376731301939058
0.8145363408521302 1.3768662124945643
0.8195488721804511 1.3769995676610463
0.8245614035087718 1.3771313941825476
0.8295739348370925 1.3772617181934748
0.8345864661654134 1.3773905652358691
0.8395989974937343 1.377517960276095
0.844611528822055 1.377643927720969
0.8496240601503757 1.3777684914333472
0.8546365914786966 1.3778916747471948
0.8596491228070176 1.37801350048216
0.8646616541353382 1.3781339909576653
0.8696741854636589 1.3782531680065402
0.8746867167919798 1.3783710529882096
0.8796992481203008 1.3784876668014554
0.8847117794486214 1.378603029896769
0.8897243107769421 1.378717162288305
0.894736842105263 1.3788300835654594
0.899749373433584 1.378941812904077
0.9047619047619047 1.3790523690773067
0.9097744360902253 1.379161770466118
0.9147869674185463 1.3792700350694895
0.9197994987468672 1.3793771805142783
0.9248120300751879 1.3794832240647898
0.9298245614035086 1.37958818263205
0.9348370927318295 1.3796920727827968
0.9398496240601504 1.3797949107481957
0.9448621553884711 1.379896712432296
0.9498746867167918 1.3799974934202281
0.9548872180451127 1.3800972689861577
0.9598997493734336 1.380196054101005
0.9649122807017543 1.3802938634399307
0.969924812030075 1.3803907113896055
0.9749373433583959 1.3804866120552635
0.9799498746867168 1.3805815792675507
0.9849624060150375 1.3806756265891755
0.9899749373433582 1.380768767321364
0.9949874686716791 1.380861014510133
1.0 1.380952380952381
