0.0 0.10836802322189586
0.005012531328320802 0.11080314289577127
0.010025062656641603 0.11328033115531673
0.015037593984962405 0.11579996911139047
0.020050125313283207 0.11836243199527166
0.02506265664160401 0.12096808885843971
0.03007518796992481 0.12361730226918134
0.03508771929824561 0.1263104280061607
0.040100250626566414 0.1290478147490941
0.045112781954887216 0.13182980376667416
0.05012531328320802 0.1346567286018958
0.05513784461152882 0.13752891475494086
0.06015037593984962 0.14044667936378222
0.06516290726817042 0.1434103308826765
0.07017543859649122 0.14642016875871688
0.07518796992481203 0.14947648310662373
0.08020050125313283 0.15257955438195725
0.08521303258145363 0.15572965305293854
0.09022556390977443 0.15892703927107368
0.09523809523809523 0.16217196254077795
0.10025062656641603 0.1654646613882037
0.10526315789473684 0.16880536302947913
0.11027568922305764 0.17219428303857123
0.11528822055137844 0.17563162501498936
0.12030075187969924 0.17911758025155095
0.12531328320802004 0.18265232740243662
0.13032581453634084 0.18623603215176313
0.13533834586466165 0.18986884688291067
0.14035087719298245 0.19355091034884153
0.14536340852130325 0.19728234734365363
0.15037593984962405 0.20106326837561456
0.15538847117794485 0.20489376934192619
0.16040100250626566 0.20877393120547352
0.16541353383458646 0.2127038196738139
0.17042606516290726 0.21668348488066674
0.17543859649122806 0.22071296107016608
0.18045112781954886 0.22479226628414223
0.18546365914786966 0.22892140205269979
0.19047619047619047 0.23310035308836316
0.19548872180451127 0.23732908698406208
0.20050125313283207 0.24160755391523153
0.20551378446115287 0.24593568634630328
0.21052631578947367 0.25031339874186653
0.21553884711779447 0.2547405872827771
0.22055137844611528 0.25921712958749593
0.22556390977443608 0.2637428844389384
0.23057644110275688 0.26831769151711593
0.23558897243107768 0.2729413711378532
0.24060150375939848 0.2776137239978628
0.24561403508771928 0.2823345309264607
0.2506265664160401 0.2871035526442032
0.2556390977443609 0.29192052952872927
0.2606516290726817 0.2967851813880868
0.2656641604010025 0.30169720724182353
0.2706766917293233 0.3066562851101201
0.2756892230576441 0.3116620718112425
0.2807017543859649 0.3167142027675879
0.2857142857142857 0.32181229182059556
0.2907268170426065 0.3269559310547939
0.2957393483709273 0.3321446906312492
0.3007518796992481 0.3373781186306811
0.3057644110275689 0.3426557409065039
0.3107769423558897 0.34797706094805175
0.3157894736842105 0.3533415597542395
0.3208020050125313 0.3587486957179083
0.3258145363408521 0.36419790452110024
0.3308270676691729 0.3696885990415
0.3358395989974937 0.37522016927027896
0.3408521303258145 0.38079198224156957
0.3458646616541353 0.38640338197379315
0.3508771929824561 0.3920536894230579
0.3558897243107769 0.3977422024488383
0.3609022556390977 0.403468195792139
0.3659147869674185 0.40923092106634235
0.37092731829573933 0.41502960676092726
0.37593984962406013 0.420863458258244
0.38095238095238093 0.4267316578635201
0.38596491228070173 0.4326333648482633
0.39097744360902253 0.4385677155072217
0.39598997493734334 0.44453382322905116
0.40100250626566414 0.4505307785808323
0.40601503759398494 0.4565576494065693
0.41102756892230574 0.4626134809397952
0.41604010025062654 0.46869729593039744
0.42105263157894735 0.47480809478576824
0.42606516290726815 0.4809448557263749
0.43107769423558895 0.487106534955835
0.43609022556390975 0.4932920668455704
0.44110275689223055 0.49950036413410404
0.44611528822055135 0.505730318141053
0.45112781954887216 0.5119807989958599
0.45614035087719296 0.5182506558812946
0.46115288220551376 0.524538717291745
0.46616541353383456 0.5308437913063065
0.47117794486215536 0.5371646658766682
0.47619047619047616 0.5435001091297779
0.48120300751879697 0.5498488696852641
0.48621553884711777 0.5562096769875744
0.49122807017543857 0.5625812416527781
0.49624060150375937 0.5689622558299754
0.5012531328320802 0.5753513935772346
0.506265664160401 0.5817473112519714
0.5112781954887218 0.5881486479156729
0.5162907268170426 0.5945540257528515
0.5213032581453634 0.6009620505041083
0.5263157894736842 0.6073713119131663
0.531328320802005 0.6137803841877261
0.5363408521303258 0.6201878264739831
0.5413533834586466 0.6265921833446305
0.5463659147869674 0.6329919853001639
0.5513784461152882 0.6393857492832863
0.556390977443609 0.6457719792062053
0.5614035087719298 0.6521491664905966
0.5664160401002506 0.6585157906199995
0.5714285714285714 0.6648703197043959
0.5764411027568922 0.6712112110567142
0.581453634085213 0.6775369117809846
0.5864661654135338 0.6838458593718647
0.5914786967418546 0.6901364823252369
0.5964912280701754 0.6964072007595756
0.6015037593984962 0.702656427047761
0.606516290726817 0.7088825664590147
0.6115288220551378 0.7150840178106149
0.6165413533834586 0.7212591741290412
0.6215538847117794 0.7274064233201859
0.6265664160401002 0.7335241488482641
0.631578947368421 0.7396107304230359
0.6365914786967418 0.7456645446949535
0.6416040100250626 0.7516839659578289
0.6466165413533834 0.7576673668586152
0.6516290726817042 0.7636131191138791
0.656641604010025 0.7695195942325379
0.6616541353383458 0.7753851642444264
0.6666666666666666 0.7812082024342465
0.6716791979949874 0.7869870840804499
0.6766917293233082 0.7927201871985934
0.681704260651629 0.7984058932887003
0.6867167919799498 0.8040425880861568
0.6917293233082706 0.8096286623156623
0.6967418546365914 0.8151625124477488
0.7017543859649122 0.8206425414573805
0.706766917293233 0.8260671595841361
0.7117794486215538 0.8314347850934757
0.7167919799498746 0.836743845038585
0.7218045112781954 0.8419927760222923
0.7268170426065163 0.8471800249585428
0.731829573934837 0.8523040498329189
0.7368421052631579 0.8573633204616866
0.7418546365914787 0.8623563192488519
0.7468671679197995 0.8672815419407036
0.7518796992481203 0.8721374983773216
0.7568922305764411 0.8769227132405294
0.7619047619047619 0.8816357267977658
0.7669172932330827 0.8862750956413553
0.7719298245614035 0.8908393934226528
0.7769423558897243 0.8953272115805456
0.7819548872180451 0.8997371600637892
0.7869674185463659 0.904067868046664
0.7919799498746867 0.908317984637436
0.7969924812030075 0.9124861795791119
0.8020050125313283 0.9165711439419792
0.8070175438596491 0.9205715908074299
0.8120300751879699 0.9244862559425658
0.8170426065162907 0.9283138984650944
0.8220551378446115 0.9320533014980238
0.8270676691729323 0.9357032728136756
0.8320802005012531 0.9392626454665378
0.8370927318295739 0.9427302784144896
0.8421052631578947 0.9461050571279335
0.8471177944862155 0.9493858941863816
0.8521303258145363 0.9525717298620491
0.8571428571428571 0.9556615326900151
0.8621553884711779 0.9586543000245249
0.8671679197994987 0.9615490585810099
0.8721804511278195 0.9643448649634182
0.8771929824561403 0.967040806176455
0.8822055137844611 0.9696360001223431
0.8872180451127819 0.972129596081726
0.8922305764411027 0.9745207751783459
0.8972431077694235 0.9768087508271424
0.9022556390977443 0.9789927691654272
0.9072681704260651 0.9810721094668057
0.9122807017543859 0.9830460845375255
0.9172932330827067 0.9849140410949482
0.9223057644110275 0.9866753601278522
0.9273182957393483 0.988329457238288
0.9323308270676691 0.9898757829647223
0.9373433583959899 0.9913138230862203
0.9423558897243107 0.9926430989074302
0.9473684210526315 0.9938631675241498
0.9523809523809523 0.9949736220692688
0.9573934837092731 0.9959740919388934
0.9624060150375939 0.9968642429984811
0.9674185463659147 0.997643777768822
0.9724310776942355 0.9983124355917224
0.9774436090225563 0.998869992775264
0.9824561403508771 0.9993162627185199
0.9874686716791979 0.9996510960156373
0.9924812030075187 0.9998743805391983
0.9974937343358395 0.9999860415027999
1.0025062656641603 0.9999860415027999
1.007518796992481 0.9998743805391983
1.012531328320802 0.9996510960156373
1.0175438596491229 0.9993162627185199
1.0225563909774436 0.998869992775264
1.0275689223057642 0.9983124355917226
1.0325814536340852 0.997643777768822
1.037593984962406 0.9968642429984811
1.0426065162907268 0.9959740919388934
1.0476190476190474 0.9949736220692689
1.0526315789473684 0.9938631675241499
1.0576441102756893 0.9926430989074302
1.06265664160401 0.9913138230862204
1.0676691729323307 0.9898757829647225
1.0726817042606516 0.988329457238288
1.0776942355889725 0.9866753601278522
1.0827067669172932 0.9849140410949482
1.0877192982456139 0.9830460845375255
1.0927318295739348 0.9810721094668058
1.0977443609022557 0.9789927691654272
1.1027568922305764 0.9768087508271424
1.107769423558897 0.9745207751783459
1.112781954887218 0.972129596081726
1.117794486215539 0.9696360001223431
1.1228070175438596 0.967040806176455
1.1278195488721803 0.9643448649634183
1.1328320802005012 0.96154905858101
1.137844611528822 0.9586543000245249
1.1428571428571428 0.9556615326900152
1.1478696741854635 0.9525717298620492
1.1528822055137844 0.9493858941863818
1.1578947368421053 0.9461050571279335
1.162907268170426 0.9427302784144898
1.1679197994987467 0.939262645466538
1.1729323308270676 0.9357032728136757
1.1779448621553885 0.9320533014980238
1.1829573934837092 0.9283138984650945
1.18796992481203 0.924486255942566
1.1929824561403508 0.92057159080743
1.1979949874686717 0.9165711439419792
1.2030075187969924 0.9124861795791119
1.208020050125313 0.9083179846374362
1.213032581453634 0.9040678680466641
1.218045112781955 0.8997371600637892
1.2230576441102756 0.8953272115805457
1.2280701754385963 0.8908393934226531
1.2330827067669172 0.8862750956413553
1.2380952380952381 0.8816357267977658
1.2431077694235588 0.8769227132405295
1.2481203007518795 0.8721374983773218
1.2531328320802004 0.8672815419407037
1.2581453634085213 0.8623563192488519
1.263157894736842 0.8573633204616866
1.2681704260651627 0.8523040498329191
1.2731829573934836 0.8471800249585429
1.2781954887218046 0.8419927760222923
1.2832080200501252 0.8367438450385851
1.288220551378446 0.8314347850934759
1.2932330827067668 0.8260671595841362
1.2982456140350878 0.8206425414573805
1.3032581453634084 0.815162512447749
1.3082706766917291 0.8096286623156627
1.31328320802005 0.804042588086157
1.318295739348371 0.7984058932887003
1.3233082706766917 0.7927201871985935
1.3283208020050123 0.7869870840804503
1.3333333333333333 0.7812082024342466
1.3383458646616542 0.7753851642444264
1.3433583959899749 0.769519594232538
1.3483709273182956 0.7636131191138793
1.3533834586466165 0.7576673668586155
1.3583959899749374 0.7516839659578289
1.363408521303258 0.7456645446949536
1.3684210526315788 0.7396107304230362
1.3734335839598997 0.7335241488482642
1.3784461152882206 0.7274064233201859
1.3834586466165413 0.7212591741290413
1.388471177944862 0.7150840178106153
1.3934837092731829 0.7088825664590148
1.3984962406015038 0.702656427047761
1.4035087719298245 0.6964072007595759
1.4085213032581452 0.6901364823252373
1.413533834586466 0.6838458593718648
1.418546365914787 0.6775369117809846
1.4235588972431077 0.6712112110567143
1.4285714285714284 0.6648703197043963
1.4335839598997493 0.6585157906199997
1.4385964912280702 0.6521491664905966
1.443609022556391 0.6457719792062054
1.4486215538847116 0.6393857492832865
1.4536340852130325 0.632991985300164
1.4586466165413534 0.6265921833446305
1.463659147869674 0.6201878264739832
1.4686716791979948 0.6137803841877263
1.4736842105263157 0.6073713119131664
1.4786967418546366 0.6009620505041083
1.4837092731829573 0.5945540257528517
1.488721804511278 0.5881486479156732
1.493734335839599 0.5817473112519717
1.4987468671679198 0.5753513935772346
1.5037593984962405 0.5689622558299755
1.5087719298245612 0.5625812416527783
1.5137844611528821 0.5562096769875745
1.518796992481203 0.5498488696852641
1.5238095238095237 0.543500109129778
1.5288220551378444 0.5371646658766684
1.5338345864661653 0.5308437913063067
1.5388471177944862 0.524538717291745
1.543859649122807 0.5182506558812947
1.5488721804511276 0.5119807989958601
1.5538847117794485 0.5057303181410531
1.5588972431077694 0.49950036413410404
1.5639097744360901 0.49329206684557064
1.5689223057644108 0.4871065349558353
1.5739348370927317 0.480944855726375
1.5789473684210527 0.47480809478576824
1.5839598997493733 0.4686972959303976
1.588972431077694 0.4626134809397955
1.593984962406015 0.4565576494065694
1.5989974937343359 0.4505307785808323
1.6040100250626566 0.4445338232290513
1.6090225563909772 0.43856771550722196
1.6140350877192982 0.43263336484826337
1.619047619047619 0.4267316578635201
1.6240601503759398 0.4208634582582441
1.6290726817042605 0.4150296067609275
1.6340852130325814 0.4092309210663425
1.6390977443609023 0.403468195792139
1.644110275689223 0.3977422024488384
1.6491228070175437 0.3920536894230582
1.6541353383458646 0.3864033819737933
1.6591478696741855 0.38079198224156957
1.6641604010025062 0.37522016927027907
1.6691729323308269 0.36968859904150025
1.6741854636591478 0.36419790452110035
1.6791979949874687 0.3587486957179083
1.6842105263157894 0.35334155975423964
1.68922305764411 0.34797706094805203
1.694235588972431 0.3426557409065041
1.699248120300752 0.3373781186306811
1.7042606516290726 0.3321446906312493
1.7092731829573933 0.32695593105479415
1.7142857142857142 0.3218122918205956
1.719298245614035 0.3167142027675879
1.7243107769423558 0.31166207181124256
1.7293233082706765 0.30665628511012033
1.7343358395989974 0.3016972072418236
1.7393483709273183 0.2967851813880868
1.744360902255639 0.2919205295287293
1.7493734335839597 0.28710355264420345
1.7543859649122806 0.28233453092646077
1.7593984962406015 0.2776137239978628
1.7644110275689222 0.2729413711378533
1.769423558897243 0.2683176915171161
1.7744360902255638 0.26374288443893845
1.7794486215538847 0.25921712958749593
1.7844611528822054 0.2547405872827772
1.789473684210526 0.2503133987418667
1.794486215538847 0.2459356863463034
1.799498746867168 0.24160755391523153
1.8045112781954886 0.2373290869840622
1.8095238095238093 0.23310035308836335
1.8145363408521302 0.22892140205269984
1.8195488721804511 0.22479226628414223
1.8245614035087718 0.22071296107016616
1.8295739348370925 0.21668348488066688
1.8345864661654134 0.212703819673814
1.8395989974937343 0.20877393120547352
1.844611528822055 0.20489376934192624
1.8496240601503757 0.20106326837561472
1.8546365914786966 0.19728234734365377
1.8596491228070176 0.19355091034884153
1.8646616541353382 0.18986884688291075
1.869674185463659 0.1862360321517633
1.8746867167919798 0.1826523274024367
1.8796992481203008 0.17911758025155095
1.8847117794486214 0.17563162501498938
1.8897243107769421 0.17219428303857143
1.894736842105263 0.1688053630294792
1.899749373433584 0.1654646613882037
1.9047619047619047 0.16217196254077806
1.9097744360902253 0.15892703927107382
1.9147869674185463 0.15572965305293862
1.9197994987468672 0.15257955438195725
1.9248120300751879 0.14947648310662381
1.9298245614035086 0.146420168758717
1.9348370927318295 0.14341033088267657
1.9398496240601504 0.14044667936378222
1.944862155388471 0.13752891475494092
1.9498746867167918 0.13465672860189598
1.9548872180451127 0.13182980376667422
1.9598997493734336 0.1290478147490941
1.9649122807017543 0.12631042800616082
1.969924812030075 0.12361730226918145
1.9749373433583959 0.12096808885843977
1.9799498746867168 0.11836243199527166
1.9849624060150375 0.11579996911139051
1.9899749373433582 0.11328033115531684
1.994987468671679 0.11080314289577133
2.0 0.10836802322189586
