-1.0 0.0
-0.9949874686716792 0.001006542526421741
-0.9899749373433584 0.0020212228398180897
-0.9849624060150376 0.0030441400304414006
-0.9799498746867168 0.004075394803871625
-0.974937343358396 0.005115089514066496
-0.9699248120300752 0.006163328197226502
-0.9649122807017544 0.007220216606498195
-0.9598997493734336 0.008285862247540134
-0.9548872180451128 0.009360374414976598
-0.949874686716792 0.010443864229765013
-0.9448621553884712 0.011536444677503933
-0.9398496240601504 0.01263823064770932
-0.9348370927318296 0.013749338974087782
-0.9298245614035088 0.01486988847583643
-0.924812030075188 0.016
-0.9197994987468672 0.01713979646491698
-0.9147869674185464 0.01828940290478752
-0.9097744360902256 0.01944894651539708
-0.9047619047619048 0.020618556701030927
-0.899749373433584 0.021798365122615803
-0.8947368421052632 0.022988505747126433
-0.8897243107769424 0.024189114898295765
-0.8847117794486216 0.025400331308669245
-0.8796992481203008 0.026622296173044922
-0.87468671679198 0.027855153203342614
-0.8696741854636592 0.029099048684946838
-0.8646616541353384 0.030354131534569985
-0.8596491228070176 0.03162055335968379
-0.8546365914786967 0.03289846851956891
-0.849624060150376 0.034188034188034185
-0.8446115288220551 0.03548941041785919
-0.8395989974937343 0.03680276020701553
-0.8345864661654135 0.03812824956672443
-0.8295739348370927 0.03946604759141033
-0.8245614035087719 0.04081632653061225
-0.8195488721804511 0.04217926186291739
-0.8145363408521303 0.043555032371983514
-0.8095238095238095 0.0449438202247191
-0.8045112781954887 0.04634581105169341
-0.7994987468671679 0.04776119402985074
-0.7944862155388471 0.04919016196760647
-0.7894736842105263 0.05063291139240506
-0.7844611528822055 0.05208964264082375
-0.7794486215538847 0.05356055995130858
-0.7744360902255639 0.05504587155963302
-0.7694235588972431 0.05654578979717271
-0.7644110275689223 0.05806053119209389
-0.7593984962406015 0.05959031657355679
-0.7543859649122807 0.06113537117903929
-0.7493734335839599 0.06269592476489028
-0.7443609022556391 0.06427221172022683
-0.7393483709273183 0.06586447118429385
-0.7343358395989975 0.06747294716740929
-0.7293233082706767 0.06909788867562379
-0.7243107769423559 0.0707395498392283
-0.7192982456140351 0.07239819004524886
-0.7142857142857143 0.07407407407407407
-0.7092731829573935 0.07576747224036577
-0.7042606516290727 0.07747866053841103
-0.6992481203007519 0.07920792079207921
-0.6942355889724311 0.0809555408095554
-0.6892230576441103 0.08272181454302868
-0.6842105263157895 0.08450704225352113
-0.6791979949874687 0.08631153068105192
-0.6741854636591479 0.08813559322033898
-0.6691729323308271 0.08997955010224948
-0.6641604010025063 0.09184372858122
-0.6591478696741855 0.09372846312887663
-0.6541353383458647 0.09563409563409563
-0.6491228070175439 0.09756097560975609
-0.6441102756892231 0.09950946040644708
-0.6390977443609023 0.1014799154334038
-0.6340852130325815 0.1034727143869596
-0.6290726817042607 0.10548823948681396
-0.6240601503759399 0.1075268817204301
-0.6190476190476191 0.1095890410958904
-0.6140350877192983 0.11167512690355329
-0.6090225563909775 0.11378555798687089
-0.6040100250626567 0.11592076302274394
-0.5989974937343359 0.11808118081180811
-0.5939849624060151 0.12026726057906457
-0.5889724310776943 0.12247946228528751
-0.5839598997493735 0.1247182569496619
-0.5789473684210527 0.12698412698412698
-0.5739348370927319 0.12927756653992395
-0.568922305764411 0.1315990818668707
-0.5639097744360902 0.13394919168591224
-0.5588972431077694 0.13632842757552283
-0.5538847117794486 0.1387373343725643
-0.5488721804511278 0.1411764705882353
-0.543859649122807 0.143646408839779
-0.5388471177944862 0.14614773629864972
-0.5338345864661654 0.1486810551558753
-0.5288220551378446 0.15124698310539017
-0.5238095238095238 0.15384615384615383
-0.518796992481203 0.15647921760391198
-0.5137844611528822 0.15914684167350285
-0.5087719298245614 0.16184971098265893
-0.5037593984962406 0.16458852867830423
-0.4987468671679198 0.16736401673640167
-0.493734335839599 0.17017691659646164
-0.4887218045112782 0.17302798982188294
-0.4837092731829574 0.1759180187873612
-0.4786967418546366 0.17884780739466893
-0.4736842105263158 0.1818181818181818
-0.468671679197995 0.18482999128160416
-0.4636591478696742 0.18788410886742754
-0.4586466165413534 0.1909814323607427
-0.4536340852130326 0.1941228851291184
-0.4486215538847118 0.19730941704035873
-0.443609022556391 0.20054200542005418
-0.4385964912280702 0.2038216560509554
-0.4335839598997494 0.20714940421631528
-0.4285714285714286 0.21052631578947367
-0.4235588972431078 0.213953488372093
-0.418546365914787 0.21743205248359884
-0.4135338345864662 0.22096317280453256
-0.4085213032581454 0.22454804947668885
-0.4035087719298246 0.22818791946308722
-0.3984962406015038 0.23188405797101447
-0.393483709273183 0.2356377799415774
-0.3884711779448622 0.23945044160942097
-0.3834586466165414 0.24332344213649848
-0.3784461152882206 0.24725822532402789
-0.3734335839598998 0.25125628140703515
-0.368421052631579 0.2553191489361702
-0.3634085213032582 0.25944841675178754
-0.3583959899749374 0.26364572605561276
-0.3533834586466166 0.26791277258566976
-0.3483709273182958 0.2722513089005235
-0.343358395989975 0.27666314677930304
-0.33834586466165417 0.28115015974440893
-0.33333333333333337 0.2857142857142857
-0.32832080200501257 0.29035752979414947
-0.32330827067669177 0.2950819672131147
-0.31829573934837097 0.29988974641675853
-0.31328320802005016 0.3047830923248053
-0.30827067669172936 0.30976430976430974
-0.30325814536340856 0.3148357870894677
-0.29824561403508776 0.31999999999999995
-0.29323308270676696 0.3252595155709342
-0.28822055137844615 0.3306169965075669
-0.28320802005012535 0.336075205640423
-0.27819548872180455 0.34163701067615654
-0.27318295739348375 0.34730538922155685
-0.26817042606516295 0.3530834340991535
-0.26315789473684215 0.3589743589743589
-0.25814536340852134 0.3649815043156596
-0.25313283208020054 0.37110834371108337
-0.24812030075187974 0.3773584905660377
-0.24310776942355894 0.3837357052096569
-0.23809523809523814 0.39024390243902435
-0.23308270676691734 0.39688715953307385
-0.22807017543859653 0.40366972477064217
-0.22305764411027573 0.41059602649006616
-0.21804511278195493 0.4176706827309236
-0.21303258145363413 0.42489851150202973
-0.20802005012531333 0.43228454172366615
-0.20300751879699253 0.4398340248962655
-0.19799498746867172 0.4475524475524475
-0.19298245614035092 0.45544554455445535
-0.18796992481203012 0.46351931330472096
-0.18295739348370932 0.47178002894355997
-0.17794486215538852 0.480234260614934
-0.17293233082706772 0.4888888888888888
-0.1679197994987469 0.497751124437781
-0.1629072681704261 0.5068285280728375
-0.1578947368421053 0.5161290322580644
-0.1528822055137845 0.525660964230171
-0.1478696741854637 0.5354330708661417
-0.1428571428571429 0.5454545454545453
-0.1378446115288221 0.5557350565428109
-0.1328320802005013 0.5662847790507364
-0.1278195488721805 0.5771144278606964
-0.1228070175438597 0.588235294117647
-0.1177944862155389 0.5996592844974445
-0.1127819548872181 0.6113989637305698
-0.10776942355889729 0.6234676007005253
-0.10275689223057649 0.6358792184724688
-0.09774436090225569 0.6486486486486486
-0.09273182957393489 0.6617915904936014
-0.08771929824561409 0.6753246753246752
-0.08270676691729328 0.6892655367231637
-0.07769423558897248 0.7036328871892924
-0.07268170426065168 0.7184466019417474
-0.06766917293233088 0.7337278106508874
-0.06265664160401008 0.7494989979959918
-0.057644110275689275 0.765784114052953
-0.052631578947368474 0.7826086956521737
-0.04761904761904767 0.7999999999999998
-0.04260651629072687 0.8179871520342611
-0.03759398496240607 0.8366013071895423
-0.03258145363408527 0.8558758314855873
-0.027568922305764465 0.8758465011286679
-0.022556390977443663 0.8965517241379308
-0.01754385964912286 0.9180327868852457
-0.01253132832080206 0.9403341288782814
-0.007518796992481258 0.9635036496350362
-0.0025062656641604564 0.9875930521091809
0.0025062656641603454 1.0121506682867556
0.007518796992481036 1.0343642611683843
0.012531328320801949 1.054171180931744
0.01754385964912286 1.0719424460431657
0.022556390977443552 1.0879765395894425
0.027568922305764243 1.1025163094128607
0.032581453634085156 1.115761353517364
0.03759398496240607 1.1278772378516626
0.04260651629072676 1.1390024529844642
0.04761904761904745 1.1492537313432833
0.05263157894736836 1.1587301587301586
0.057644110275689275 1.1675163874726875
0.06265664160400997 1.1756851721714685
0.06766917293233066 1.1832993890020365
0.07268170426065157 1.1904136572554167
0.07769423558897248 1.197075651621106
0.08270676691729317 1.2033271719038814
0.08771929824561386 1.2092050209205019
0.09273182957393478 1.2147417295414973
0.09774436090225569 1.2199661590524535
0.10275689223057638 1.2249040043883705
0.10776942355889707 1.2295782167645486
0.11278195488721798 1.2340093603744149
0.1177944862155389 1.2382159148504817
0.12280701754385959 1.2422145328719723
0.12781954887218028 1.2460202604920403
0.1328320802005012 1.249646726330664
0.1378446115288221 1.253106304647952
0.1428571428571428 1.2564102564102564
0.14786967418546348 1.2595688517377912
0.1528822055137844 1.262591476538958
0.1578947368421053 1.2654867256637168
0.162907268170426 1.2682624845233181
0.1679197994987467 1.270926000808734
0.1729323308270676 1.2734839476813318
0.17794486215538852 1.2759424795958028
0.1829573934837092 1.2783072817384673
0.1879699248120299 1.280583613916947
0.1929824561403508 1.282776349614396
0.19799498746867172 1.284890010818608
0.20300751879699241 1.2869287991498406
0.2080200501253131 1.2888966237382529
0.21303258145363402 1.2907971262401643
0.21804511278195493 1.2926337033299697
0.22305764411027562 1.2944095269599734
0.2280701754385963 1.2961275626423692
0.23308270676691722 1.297790585975024
0.23809523809523814 1.2994011976047903
0.24310776942355883 1.3009618367980145
0.24812030075187952 1.3024747937671861
0.25313283208020043 1.3039422208847427
0.25814536340852134 1.3053661428994958
0.26315789473684204 1.3067484662576687
0.2681704260651627 1.3080909876187734
0.27318295739348364 1.309395401646324
0.27819548872180455 1.3106633081444166
0.28320802005012524 1.3118962186033674
0.28822055137844593 1.3130955622107268
0.29323308270676685 1.3142626913779212
0.29824561403508776 1.3153988868274584
0.30325814536340845 1.316505362280931
0.30827067669172914 1.3175832687838887
0.31328320802005005 1.3186336986999745
0.31829573934837097 1.3196576894034735
0.32330827067669166 1.320656226696495
0.32832080200501235 1.3216302479744662
0.33333333333333326 1.3225806451612903
0.33834586466165417 1.323508267433501
0.34335839598997486 1.324413923750888
0.34837092731829555 1.3252983852094546
0.35338345864661647 1.3261623872310895
0.3583959899749374 1.3270066316030185
0.36340852130325807 1.3278317883789283
0.36842105263157876 1.328638497652582
0.3734335839598997 1.329427371213796
0.3784461152882206 1.3301989940957795
0.3834586466165413 1.3309539260220635
0.38847117794486197 1.3316927027605392
0.3934837092731829 1.3324158373914883
0.3984962406015038 1.3331238214959145
0.4035087719298245 1.3338171262699565
0.4085213032581452 1.3344962035706955
0.4135338345864661 1.3351614868982327
0.418546365914787 1.33581339231852
0.4235588972431077 1.3364523193310769
0.4285714285714284 1.3370786516853932
0.4335839598997493 1.3376927581495217
0.4385964912280702 1.3382949932341002
0.4436090225563909 1.3388856978747845
0.4486215538847116 1.3394652000758582
0.4536340852130325 1.3400338155175653
0.4586466165413534 1.3405918481295365
0.4636591478696741 1.341139590632491
0.4686716791979948 1.3416773250502467
0.4736842105263157 1.3422053231939164
0.4786967418546366 1.342723847120043
0.4837092731829573 1.3432331495642895
0.488721804511278 1.3437334743521945
0.4937343358395989 1.3442250567883975
0.4987468671679198 1.3447081240256364
0.5037593984962405 1.3451828954147347
0.5087719298245612 1.3456495828367103
0.5137844611528821 1.3461083910180651
0.518796992481203 1.346559517830236
0.5238095238095237 1.3470031545741323
0.5288220551378444 1.3474394862506174
0.5338345864661653 1.3478686918177365
0.5388471177944862 1.3482909444354447
0.5438596491228069 1.3487064116985377
0.5488721804511276 1.349115255858441
0.5538847117794485 1.3495176340344772
0.5588972431077694 1.349913698415189
0.5639097744360901 1.3503035964502568
0.5689223057644108 1.350687471033524
0.5739348370927317 1.3510654606776022
0.5789473684210527 1.351437699680511
0.5839598997493733 1.3518043182847652
0.588972431077694 1.3521654428293122
0.593984962406015 1.3525211958946899
0.5989974937343359 1.352871696441754
0.6040100250626566 1.353217059944306
0.6090225563909772 1.3535573985159317
0.6140350877192982 1.3538928210313448
0.6190476190476191 1.354223433242507
0.6240601503759398 1.3545493378897906
0.6290726817042605 1.3548706348084263
0.6340852130325814 1.3551874210304646
0.6390977443609023 1.355499790882476
0.644110275689223 1.3558078360791914
0.6491228070175437 1.3561116458132818
0.6541353383458646 1.3564113068414585
0.6591478696741855 1.3567069035670691
0.6641604010025062 1.356998518119359
0.6691729323308269 1.3572862304295463
0.6741854636591478 1.3575701183038682
0.6791979949874687 1.3578502574937277
0.6842105263157894 1.3581267217630852
0.6892230576441101 1.3583995829532127
0.694235588972431 1.3586689110449306
0.6992481203007519 1.3589347742184485
0.7042606516290726 1.3591972389109037
0.7092731829573933 1.3594563698717135
0.7142857142857142 1.3597122302158273
0.7192982456140351 1.3599648814749783
0.7243107769423558 1.3602143836470149
0.7293233082706765 1.360460795243404
0.7343358395989974 1.360704173334975
0.7393483709273183 1.3609445735959869
0.744360902255639 1.361182050346589
0.7493734335839597 1.361416656593739
0.7543859649122806 1.3616484440706476
0.7593984962406015 1.361877463274812
0.7644110275689222 1.3621037635046895
0.7694235588972429 1.3623273928950785
0.7744360902255638 1.3625483984512496
0.7794486215538847 1.3627668260818848
0.7844611528822054 1.3629827206308711
0.7894736842105261 1.3631961259079903
0.794486215538847 1.36340708471856
0.7994987468671679 1.3636156388920553
0.8045112781954886 1.3638218293097586
0.8095238095238093 1.3640256959314774
0.8145363408521302 1.3642272778213607
0.8195488721804511 1.364426613172852
0.8245614035087718 1.3646237393328162
0.8295739348370925 1.3648186928248651
0.8345864661654134 1.3650115093719173
0.8395989974937343 1.3652022239180204
0.844611528822055 1.3653908706494633
0.8496240601503757 1.3655774830152057
0.8546365914786966 1.3657620937466481
0.8596491228070176 1.3659447348767737
0.8646616541353382 1.3661254377586756
0.8696741854636589 1.3663042330835005
0.8746867167919798 1.3664811508978263
0.8796992481203008 1.366656220620495
0.8847117794486214 1.3668294710589215
0.8897243107769421 1.367000930424894
0.894736842105263 1.367170626349892
0.899749373433584 1.3673385858999285
0.9047619047619047 1.367504835589942
0.9097744360902253 1.3676694013977513
0.9147869674185463 1.3678323087775874
0.9197994987468672 1.367993582673218
0.9248120300751879 1.3681532475306795
0.9298245614035086 1.3683113273106322
0.9348370927318295 1.3684678455003456
0.9398496240601504 1.3686228251253316
0.9448621553884711 1.3687762887606376
0.9498746867167918 1.3689282585418086
0.9548872180451127 1.3690787561755302
0.9598997493734336 1.3692278029499663
0.9649122807017543 1.3693754197447952
0.969924812030075 1.3695216270409623
0.9749373433583959 1.369666444930153
0.9799498746867168 1.3698098931239948
0.9849624060150375 1.3699519909630047
0.9899749373433582 1.3700927574252786
0.9949874686716791 1.3702322111349434
1.0 1.3703703703703702
