0 10000000000 1.0
Linear 11 explicit
 0.000000 0.0 0.0 0.0 0.0 0.0 0.0 0.0 0.0 0.0 0.0 0.0
 0.100000 0.010000000000000002 0.0 0.0 0.0 0.0 0.0 0.0 0.0 0.0 0.0 -4.500000000000001E-4
 0.200000 0.019999999999999997 0.0 0.0 0.0 0.0 0.0 0.0 0.0 0.0 0.0 -0.0016000000000000005
 0.300000 0.03 0.0 0.0 0.0 0.0 0.0 0.0 0.0 0.0 0.0 -0.00315
 0.400000 0.04000000000000001 0.0 0.0 0.0 0.0 0.0 0.0 0.0 0.0 0.0 -0.0048000000000000004
 0.500000 0.05 0.0 0.0 0.0 0.0 0.0 0.0 0.0 0.0 0.0 -0.00625
 0.600000 0.06000000000000001 0.0 0.0 0.0 0.0 0.0 0.0 0.0 0.0 0.0 -0.0072
 0.700000 0.06999999999999999 0.0 0.0 0.0 0.0 0.0 0.0 0.0 0.0 0.0 -0.00735
 0.800000 0.08000000000000002 0.0 0.0 0.0 0.0 0.0 0.0 0.0 0.0 0.0 -0.0063999999999999994
 0.900000 0.09 0.0 0.0 0.0 0.0 0.0 0.0 0.0 0.0 0.0 -0.00405
 1.000000 0.1 0.0 0.0 0.0 0.0 0.0 0.0 0.0 0.0 0.0 0.0
 1.100000 0.11090000000000001 0.0 0.0 0.0 0.0 0.0 -4.5000000000000075E-4 0.0 0.0 0.0 0.005950000000000007
 1.200000 0.1232 0.0 0.0 0.0 0.0 0.0 -0.0015999999999999994 0.0 0.0 0.0 0.013599999999999998
 1.300000 0.13630000000000003 0.0 0.0 0.0 0.0 0.0 -0.003150000000000001 0.0 0.0 0.0 0.02265000000000001
 1.400000 0.1496 0.0 0.0 0.0 0.0 0.0 -0.004799999999999999 0.0 0.0 0.0 0.032799999999999996
 1.500000 0.1625 0.0 0.0 0.0 0.0 0.0 -0.00625 0.0 0.0 0.0 0.04375
 1.600000 0.1744 0.0 0.0 0.0 0.0 0.0 -0.0072000000000000015 0.0 0.0 0.0 0.055200000000000006
 1.700000 0.1847 0.0 0.0 0.0 0.0 0.0 -0.00735 0.0 0.0 0.0 0.06684999999999999
 1.800000 0.19280000000000003 0.0 0.0 0.0 0.0 0.0 -0.0063999999999999994 0.0 0.0 0.0 0.0784
 1.900000 0.1981 0.0 0.0 0.0 0.0 0.0 -0.004050000000000003 0.0 0.0 0.0 0.08955
 2.000000 0.2 0.0 0.0 0.0 0.0 0.0 0.0 0.0 0.0 0.0 0.1
 2.100000 0.1981 0.0 -4.5000000000000075E-4 0.0 0.0 0.0 0.005950000000000007 0.0 0.0 0.0 0.11000000000000001
 2.200000 0.1928 0.0 -0.0016000000000000025 0.0 0.0 0.0 0.013600000000000015 0.0 0.0 0.0 0.12000000000000002
 2.300000 0.18470000000000003 0.0 -0.0031499999999999974 0.0 0.0 0.0 0.022649999999999983 0.0 0.0 0.0 0.13
 2.400000 0.17440000000000003 0.0 -0.004799999999999999 0.0 0.0 0.0 0.032799999999999996 0.0 0.0 0.0 0.14
 2.500000 0.1625 0.0 -0.00625 0.0 0.0 0.0 0.04375 0.0 0.0 0.0 0.15000000000000002
 2.600000 0.1496 0.0 -0.0072000000000000015 0.0 0.0 0.0 0.055200000000000006 0.0 0.0 0.0 0.16
 2.700000 0.13629999999999998 0.0 -0.00735 0.0 0.0 0.0 0.06685000000000002 0.0 0.0 0.0 0.17
 2.800000 0.12320000000000002 0.0 -0.006400000000000003 0.0 0.0 0.0 0.0784 0.0 0.0 0.0 0.18
 2.900000 0.11090000000000001 0.0 -0.004050000000000003 0.0 0.0 0.0 0.08955 0.0 0.0 0.0 0.19
 3.000000 0.1 0.0 0.0 0.0 0.0 0.0 0.1 0.0 0.0 0.0 0.2
 3.100000 0.08954999999999999 0.0 0.005950000000000007 0.0 0.0 0.0 0.11090000000000001 0.0 0.0 0.0 0.21000000000000002
 3.200000 0.07839999999999998 0.0 0.013600000000000015 0.0 0.0 0.0 0.12320000000000003 0.0 0.0 0.0 0.22000000000000003
 3.300000 0.06685000000000002 0.0 0.022649999999999983 0.0 0.0 0.0 0.13629999999999998 0.0 0.0 0.0 0.22999999999999998
 3.400000 0.05520000000000001 0.0 0.032799999999999996 0.0 0.0 0.0 0.1496 0.0 0.0 0.0 0.24
 3.500000 0.043750000000000004 0.0 0.04375 0.0 0.0 0.0 0.1625 0.0 0.0 0.0 0.25
 3.600000 0.032799999999999996 0.0 0.055200000000000006 0.0 0.0 0.0 0.1744 0.0 0.0 0.0 0.26
 3.700000 0.02264999999999999 0.0 0.06685000000000002 0.0 0.0 0.0 0.18470000000000003 0.0 0.0 0.0 0.27
 3.800000 0.013600000000000001 0.0 0.0784 0.0 0.0 0.0 0.19280000000000003 0.0 0.0 0.0 0.27999999999999997
 3.900000 0.005949999999999997 0.0 0.08955 0.0 0.0 0.0 0.1981 0.0 0.0 0.0 0.29
 4.000000 0.0 0.0 0.1 0.0 0.0 0.0 0.2 0.0 0.0 0.0 0.3
 4.100000 -0.0040499999999999885 0.0 0.11044999999999996 0.0 0.0 0.0 0.19720000000000004 0.0 0.0 0.0 0.31089999999999995
 4.200000 -0.006400000000000003 0.0 0.12160000000000003 0.0 0.0 0.0 0.1896 0.0 0.0 0.0 0.32320000000000004
 4.300000 -0.007349999999999999 0.0 0.13315 0.0 0.0 0.0 0.17840000000000003 0.0 0.0 0.0 0.3363
 4.400000 -0.007199999999999997 0.0 0.14480000000000004 0.0 0.0 0.0 0.16479999999999995 0.0 0.0 0.0 0.3496
 4.500000 -0.00625 0.0 0.15625 0.0 0.0 0.0 0.15000000000000002 0.0 0.0 0.0 0.3625
 4.600000 -0.004800000000000006 0.0 0.16719999999999996 0.0 0.0 0.0 0.13520000000000004 0.0 0.0 0.0 0.37439999999999996
 4.700000 -0.003149999999999996 0.0 0.17735 0.0 0.0 0.0 0.12159999999999999 0.0 0.0 0.0 0.38470000000000004
 4.800000 -0.0016000000000000012 0.0 0.1864 0.0 0.0 0.0 0.11040000000000001 0.0 0.0 0.0 0.39280000000000004
 4.900000 -4.4999999999999554E-4 0.0 0.19405000000000006 0.0 0.0 0.0 0.10279999999999999 0.0 0.0 0.0 0.3981
 5.000000 0.0 0.0 0.2 0.0 0.0 0.0 0.1 0.0 0.0 0.0 0.4
 5.100000 0.0 0.0 0.20405 0.0 0.0 0.0 0.10279999999999999 0.0 0.0 0.0 0.3981
 5.200000 0.0 0.0 0.20640000000000003 0.0 0.0 0.0 0.11040000000000003 0.0 0.0 0.0 0.3928
 5.300000 0.0 0.0 0.20735 0.0 0.0 0.0 0.12159999999999999 0.0 0.0 0.0 0.38470000000000004
 5.400000 0.0 0.0 0.2072 0.0 0.0 0.0 0.13520000000000004 0.0 0.0 0.0 0.37439999999999996
 5.500000 0.0 0.0 0.20625000000000002 0.0 0.0 0.0 0.15000000000000002 0.0 0.0 0.0 0.3625
 5.600000 0.0 0.0 0.2048 0.0 0.0 0.0 0.16479999999999995 0.0 0.0 0.0 0.3496
 5.700000 0.0 0.0 0.20315 0.0 0.0 0.0 0.17840000000000003 0.0 0.0 0.0 0.3363
 5.800000 0.0 0.0 0.2016 0.0 0.0 0.0 0.1896 0.0 0.0 0.0 0.3232
 5.900000 0.0 0.0 0.20045000000000002 0.0 0.0 0.0 0.19720000000000004 0.0 0.0 0.0 0.31089999999999995
 6.000000 0.0 0.0 0.2 0.0 0.0 0.0 0.2 0.0 0.0 0.0 0.3
 6.100000 -4.4999999999999706E-4 0.0 0.20045000000000002 0.0 0.0 0.0 0.19720000000000004 0.0 0.0 0.0 0.29000000000000004
 6.200000 -0.0016000000000000025 0.0 0.2016 0.0 0.0 0.0 0.1896 0.0 0.0 0.0 0.27999999999999997
 6.300000 -0.0031499999999999974 0.0 0.20315 0.0 0.0 0.0 0.17840000000000003 0.0 0.0 0.0 0.27
 6.400000 -0.004800000000000006 0.0 0.2048 0.0 0.0 0.0 0.16479999999999995 0.0 0.0 0.0 0.25999999999999995
 6.500000 -0.00625 0.0 0.20625000000000002 0.0 0.0 0.0 0.15000000000000002 0.0 0.0 0.0 0.25
 6.600000 -0.007199999999999998 0.0 0.2072 0.0 0.0 0.0 0.13520000000000004 0.0 0.0 0.0 0.24000000000000005
 6.700000 -0.00735 0.0 0.20735 0.0 0.0 0.0 0.12159999999999999 0.0 0.0 0.0 0.22999999999999998
 6.800000 -0.006400000000000003 0.0 0.20640000000000003 0.0 0.0 0.0 0.11040000000000001 0.0 0.0 0.0 0.22000000000000003
 6.900000 -0.004049999999999989 0.0 0.20405 0.0 0.0 0.0 0.10279999999999999 0.0 0.0 0.0 0.20999999999999996
 7.000000 0.0 0.0 0.2 0.0 0.0 0.0 0.1 0.0 0.0 0.0 0.2
 7.100000 0.005949999999999976 0.0 0.19405000000000003 0.0 0.0 0.0 0.10279999999999999 0.0 0.0 0.0 0.19000000000000006
 7.200000 0.013600000000000015 0.0 0.1864 0.0 0.0 0.0 0.11040000000000003 0.0 0.0 0.0 0.18
 7.300000 0.022649999999999983 0.0 0.17735000000000004 0.0 0.0 0.0 0.12159999999999999 0.0 0.0 0.0 0.17000000000000004
 7.400000 0.03280000000000004 0.0 0.16719999999999996 0.0 0.0 0.0 0.13520000000000004 0.0 0.0 0.0 0.15999999999999998
 7.500000 0.04375 0.0 0.15625 0.0 0.0 0.0 0.15000000000000002 0.0 0.0 0.0 0.15000000000000002
 7.600000 0.05519999999999997 0.0 0.14480000000000004 0.0 0.0 0.0 0.16479999999999995 0.0 0.0 0.0 0.14000000000000004
 7.700000 0.06685000000000002 0.0 0.13315 0.0 0.0 0.0 0.17840000000000003 0.0 0.0 0.0 0.13
 7.800000 0.0784 0.0 0.12160000000000001 0.0 0.0 0.0 0.1896 0.0 0.0 0.0 0.12000000000000001
 7.900000 0.08955000000000003 0.0 0.11044999999999998 0.0 0.0 0.0 0.19720000000000004 0.0 0.0 0.0 0.10999999999999999
 8.000000 0.1 0.0 0.1 0.0 0.0 0.0 0.2 0.0 0.0 0.0 0.1
 8.100000 0.11134999999999996 0.0 0.08955000000000005 0.0 0.0 0.0 0.19810000000000003 0.0 0.0 0.0 0.08955000000000005
 8.200000 0.12479999999999991 0.0 0.07840000000000008 0.0 0.0 0.0 0.19280000000000005 0.0 0.0 0.0 0.07840000000000008
 8.300000 0.13945000000000013 0.0 0.06684999999999992 0.0 0.0 0.0 0.18469999999999995 0.0 0.0 0.0 0.06684999999999992
 8.400000 0.15440000000000006 0.0 0.055199999999999964 0.0 0.0 0.0 0.17439999999999997 0.0 0.0 0.0 0.055199999999999964
 8.500000 0.16875 0.0 0.043750000000000004 0.0 0.0 0.0 0.1625 0.0 0.0 0.0 0.043750000000000004
 8.600000 0.18159999999999998 0.0 0.03280000000000004 0.0 0.0 0.0 0.14960000000000007 0.0 0.0 0.0 0.03280000000000004
 8.700000 0.19204999999999994 0.0 0.02265000000000006 0.0 0.0 0.0 0.1363000000000001 0.0 0.0 0.0 0.02265000000000006
 8.800000 0.19920000000000004 0.0 0.013599999999999945 0.0 0.0 0.0 0.12319999999999992 0.0 0.0 0.0 0.013599999999999945
 8.900000 0.20215 0.0 0.005949999999999969 0.0 0.0 0.0 0.11089999999999997 0.0 0.0 0.0 0.005949999999999969
 9.000000 0.2 0.0 0.0 0.0 0.0 0.0 0.1 0.0 0.0 0.0 0.0
 9.100000 0.19215000000000004 0.0 -0.0040499999999999885 0.0 0.0 0.0 0.09000000000000004 0.0 0.0 0.0 -0.0040499999999999885
 9.200000 0.1792000000000001 0.0 -0.006399999999999989 0.0 0.0 0.0 0.08000000000000007 0.0 0.0 0.0 -0.006399999999999989
 9.300000 0.16204999999999986 0.0 -0.007350000000000002 0.0 0.0 0.0 0.06999999999999994 0.0 0.0 0.0 -0.007350000000000002
 9.400000 0.14159999999999995 0.0 -0.007199999999999997 0.0 0.0 0.0 0.05999999999999997 0.0 0.0 0.0 -0.007199999999999997
 9.500000 0.11875 0.0 -0.00625 0.0 0.0 0.0 0.05 0.0 0.0 0.0 -0.00625
 9.600000 0.0944000000000001 0.0 -0.004800000000000006 0.0 0.0 0.0 0.040000000000000036 0.0 0.0 0.0 -0.004800000000000006
 9.700000 0.06945000000000018 0.0 -0.0031500000000000113 0.0 0.0 0.0 0.03000000000000007 0.0 0.0 0.0 -0.0031500000000000113
 9.800000 0.04479999999999984 0.0 -0.0015999999999999897 0.0 0.0 0.0 0.019999999999999934 0.0 0.0 0.0 -0.0015999999999999897
 9.900000 0.021349999999999925 0.0 -4.4999999999999554E-4 0.0 0.0 0.0 0.009999999999999967 0.0 0.0 0.0 -4.4999999999999554E-4
10.000000 0.0 0.0 0.0 0.0 0.0 0.0 0.0 0.0 0.0 0.0 0.0