0.0 5.0 1.0
Linear 3 explicit
 0.000000 0.0 0.0 0.0
 0.010000 0.030587999999999997 0.0 0.0
 0.020000 0.062304 0.0 0.0
 0.030000 0.095076 0.0 0.0
 0.040000 0.128832 0.0 0.0
 0.050000 0.16350000000000003 0.0 0.0
 0.060000 0.19900799999999996 0.0 0.0
 0.070000 0.23528400000000002 0.0 0.0
 0.080000 0.272256 0.0 0.0
 0.090000 0.309852 0.0 0.0
 0.100000 0.348 0.0 0.0
 0.110000 0.3866280000000001 0.0 0.0
 0.120000 0.42566400000000004 0.0 0.0
 0.130000 0.465036 0.0 0.0
 0.140000 0.504672 0.0 0.0
 0.150000 0.5445 0.0 0.0
 0.160000 0.5844480000000001 0.0 0.0
 0.170000 0.6244440000000001 0.0 0.0
 0.180000 0.664416 0.0 0.0
 0.190000 0.704292 0.0 0.0
 0.200000 0.7440000000000001 0.0 0.0
 0.210000 0.7834679999999999 0.0 0.0
 0.220000 0.822624 0.0 0.0
 0.230000 0.861396 0.0 0.0
 0.240000 0.899712 0.0 0.0
 0.250000 0.9375 0.0 0.0
 0.260000 0.9746880000000001 0.0 0.0
 0.270000 1.0112040000000002 0.0 0.0
 0.280000 1.0469760000000001 0.0 0.0
 0.290000 1.081932 0.0 0.0
 0.300000 1.116 0.0 0.0
 0.310000 1.149108 0.0 0.0
 0.320000 1.181184 0.0 0.0
 0.330000 1.212156 0.0 0.0
 0.340000 1.2419520000000002 0.0 0.0
 0.350000 1.2705 0.0 0.0
 0.360000 1.297728 0.0 0.0
 0.370000 1.3235639999999997 0.0 0.0
 0.380000 1.347936 0.0 0.0
 0.390000 1.3707719999999999 0.0 0.0
 0.400000 1.392 0.0 0.0
 0.410000 1.4115479999999998 0.0 0.0
 0.420000 1.429344 0.0 0.0
 0.430000 1.4453159999999998 0.0 0.0
 0.440000 1.4593919999999998 0.0 0.0
 0.450000 1.4715 0.0 0.0
 0.460000 1.4815679999999998 0.0 0.0
 0.470000 1.489524 0.0 0.0
 0.480000 1.495296 0.0 0.0
 0.490000 1.498812 0.0 0.0
 0.500000 1.5 0.0 0.0
 0.510000 1.4987469700749745 0.0 3.578288608395882E-4
 0.520000 1.4950411888652062 0.0 0.0014021049241061414
 0.530000 1.4889626192186574 0.0 0.003089012410921343
 0.540000 1.4805912239832903 0.0 0.005374735542406875
 0.550000 1.4700069660070676 0.0 0.00821545853968442
 0.560000 1.457289808137951 0.0 0.011567365623875666
 0.570000 1.4425197132239036 0.0 0.015386641016102244
 0.580000 1.425776644112887 0.0 0.019629468937485926
 0.590000 1.4071405636528638 0.0 0.024252033609148356
 0.600000 1.386691434691796 0.0 0.029210519252211214
 0.610000 1.3645092200776463 0.0 0.03446111008779618
 0.620000 1.3406738826583768 0.0 0.039959990337024964
 0.630000 1.31526538528195 0.0 0.045663344221019204
 0.640000 1.288363690796328 0.0 0.05152735596090061
 0.650000 1.2600487620494734 0.0 0.057508209777790864
 0.660000 1.2304005618893479 0.0 0.06356208989281165
 0.670000 1.1994990531639145 0.0 0.06964518052708464
 0.680000 1.1674241987211351 0.0 0.07571366590173154
 0.690000 1.1342559614089724 0.0 0.08172373023787394
 0.700000 1.1000743040753882 0.0 0.08763155775663366
 0.710000 1.064959189568345 0.0 0.09339333267913232
 0.720000 1.028990580735805 0.0 0.09896523922649163
 0.730000 0.9922484404257306 0.0 0.10430346161983323
 0.740000 0.9548127314860841 0.0 0.10936418408027881
 0.750000 0.9167634167648281 0.0 0.11410359082895011
 0.760000 0.8781804591099244 0.0 0.11847786608696873
 0.770000 0.8391438213693357 0.0 0.12244319407545642
 0.780000 0.7997334663910243 0.0 0.1259557590155348
 0.790000 0.7600293570229519 0.0 0.12897174512832563
 0.800000 0.7201114561130818 0.0 0.13144733663495053
 0.810000 0.6800597265093756 0.0 0.1333387177565312
 0.820000 0.639954131059796 0.0 0.13460207271418934
 0.830000 0.599874632612305 0.0 0.1351935857290466
 0.840000 0.5599011940148648 0.0 0.1350694410222247
 0.850000 0.5201137781154379 0.0 0.1341858228148453
 0.860000 0.48059234776198667 0.0 0.13249891532803013
 0.870000 0.4414168658024735 0.0 0.1299649027829008
 0.880000 0.4026672950848602 0.0 0.12653996940057904
 0.890000 0.3644235984571096 0.0 0.12218029940218651
 0.900000 0.32676573876718407 0.0 0.11684207700884489
 0.910000 0.2897736788630454 0.0 0.1104814864416759
 0.920000 0.2535273815926562 0.0 0.10305471192180117
 0.930000 0.21810680980397867 0.0 0.09451793767034243
 0.940000 0.18359192634497568 0.0 0.08482734790842146
 0.950000 0.15006269406360873 0.0 0.07393912685715973
 0.960000 0.11759907580784024 0.0 0.061809458737679006
 0.970000 0.08628103442563306 0.0 0.04839452777110099
 0.980000 0.05618853276494917 0.0 0.03365051817854736
 0.990000 0.027401533673750533 0.0 0.017533614181139804
 1.000000 0.0 0.0 0.0
 1.010000 -0.026860796974336278 0.0 -0.019919280048961093
 1.020000 -0.05405889393192118 0.0 -0.04305804672032101
 1.030000 -0.08156428997173643 0.0 -0.0692574133986908
 1.040000 -0.10934698419276362 0.0 -0.0983584934686815
 1.050000 -0.1373769756939845 0.0 -0.1302024003149042
 1.060000 -0.1656242635743807 0.0 -0.1646302473219699
 1.070000 -0.19405884693293396 0.0 -0.20148314787448973
 1.080000 -0.2226507248686259 0.0 -0.24060221535707463
 1.090000 -0.25136989648043817 0.0 -0.2818285631543357
 1.100000 -0.28018636086735255 0.0 -0.325003304650884
 1.110000 -0.3090701171283506 0.0 -0.3699675532313306
 1.120000 -0.33799116436241405 0.0 -0.41656242228028656
 1.130000 -0.36691950166852394 0.0 -0.4646290251823618
 1.140000 -0.39582512814566323 0.0 -0.5140084753221694
 1.150000 -0.42467804289281297 0.0 -0.5645418860843197
 1.160000 -0.45344824500895486 0.0 -0.6160703708534233
 1.170000 -0.4821057335930705 0.0 -0.6684350430140916
 1.180000 -0.5106205077441415 0.0 -0.7214770159509355
 1.190000 -0.5389625665611497 0.0 -0.7750374030485663
 1.200000 -0.5671019091430768 0.0 -0.8289573176915945
 1.210000 -0.5950085345889042 0.0 -0.8830778732646317
 1.220000 -0.622652441997614 0.0 -0.9372401831522885
 1.230000 -0.6500036304681874 0.0 -0.9912853607391765
 1.240000 -0.6770320990996064 0.0 -1.0450545194099061
 1.250000 -0.7037078469908526 0.0 -1.098388772549089
 1.260000 -0.7300008732409079 0.0 -1.151129233541336
 1.270000 -0.7558811769487536 0.0 -1.2031170157712576
 1.280000 -0.7813187572133713 0.0 -1.2541932326234657
 1.290000 -0.8062836131337431 0.0 -1.3041989974825712
 1.300000 -0.8307457438088504 0.0 -1.3529754237331844
 1.310000 -0.854675148337675 0.0 -1.400363624759917
 1.320000 -0.8780418258191985 0.0 -1.4462047139473801
 1.330000 -0.9008157753524026 0.0 -1.4903398046801848
 1.340000 -0.922966996036269 0.0 -1.5326100103429414
 1.350000 -0.9444654869697794 0.0 -1.5728564443202622
 1.360000 -0.9652812472519156 0.0 -1.6109202199967572
 1.370000 -0.9853842759816587 0.0 -1.6466424507570374
 1.380000 -1.0047445722579906 0.0 -1.6798642499857142
 1.390000 -1.0233321351798936 0.0 -1.7104267310673988
 1.400000 -1.0411169638463489 0.0 -1.738171007386703
 1.410000 -1.0580690573563383 0.0 -1.7629381923282363
 1.420000 -1.0741584148088434 0.0 -1.7845693992766107
 1.430000 -1.0893550353028458 0.0 -1.8029057416164367
 1.440000 -1.103628917937327 0.0 -1.8177883327323259
 1.450000 -1.1169500618112693 0.0 -1.829058286008889
 1.460000 -1.1292884660236537 0.0 -1.8365567148307373
 1.470000 -1.1406141296734627 0.0 -1.8401247325824817
 1.480000 -1.150897051859677 0.0 -1.8396034526487328
 1.490000 -1.1601072316812788 0.0 -1.8348339884141027
 1.500000 -1.1682146682372496 0.0 -1.8256574532632017
 1.510000 -1.1758292662227845 0.0 -1.8134492607915202
 1.520000 -1.1835749663072346 0.0 -1.7997123824895809
 1.530000 -1.1914428215508164 0.0 -1.7844792685845419
 1.540000 -1.1994238850137464 0.0 -1.7677823693035621
 1.550000 -1.207509209756241 0.0 -1.7496541348738002
 1.560000 -1.2156898488385166 0.0 -1.7301270155224149
 1.570000 -1.22395685532079 0.0 -1.7092334614765647
 1.580000 -1.2323012822632773 0.0 -1.6870059229634087
 1.590000 -1.240714182726195 0.0 -1.6634768502101052
 1.600000 -1.2491866097697595 0.0 -1.6386786934438127
 1.610000 -1.2577096164541874 0.0 -1.6126439028916904
 1.620000 -1.2662742558396953 0.0 -1.5854049287808967
 1.630000 -1.2748715809864992 0.0 -1.556994221338591
 1.640000 -1.283492644954816 0.0 -1.5274442307919305
 1.650000 -1.2921285008048622 0.0 -1.4967874073680747
 1.660000 -1.3007702015968539 0.0 -1.4650562012941821
 1.670000 -1.3094088003910076 0.0 -1.4322830627974117
 1.680000 -1.3180353502475401 0.0 -1.3985004421049219
 1.690000 -1.3266409042266676 0.0 -1.3637407894438713
 1.700000 -1.3352165153886064 0.0 -1.3280365550414188
 1.710000 -1.3437532367935734 0.0 -1.291420189124723
 1.720000 -1.3522421215017846 0.0 -1.2539241419209426
 1.730000 -1.3606742225734567 0.0 -1.215580863657236
 1.740000 -1.3690405930688063 0.0 -1.1764228045607625
 1.750000 -1.3773322860480495 0.0 -1.1364824148586803
 1.760000 -1.385540354571403 0.0 -1.095792144778148
 1.770000 -1.3936558516990831 0.0 -1.0543844445463249
 1.780000 -1.4016698304913064 0.0 -1.0122917643903688
 1.790000 -1.4095733440082894 0.0 -0.9695465545374387
 1.800000 -1.4173574453102482 0.0 -0.9261812652146937
 1.810000 -1.4250131874573997 0.0 -0.882228346649292
 1.820000 -1.43253162350996 0.0 -0.8377202490683924
 1.830000 -1.4399038065281462 0.0 -0.7926894226991537
 1.840000 -1.4471207895721738 0.0 -0.7471683177687345
 1.850000 -1.45417362570226 0.0 -0.7011893845042934
 1.860000 -1.4610533679786208 0.0 -0.654785073132989
 1.870000 -1.4677510694614733 0.0 -0.6079878338819797
 1.880000 -1.474257783211033 0.0 -0.5608301169784264
 1.890000 -1.480564562287517 0.0 -0.5133443726494848
 1.900000 -1.4866624597511418 0.0 -0.46556305112231455
 1.910000 -1.4925425286621237 0.0 -0.41751860262407425
 1.920000 -1.498195822080679 0.0 -0.3692434773819231
 1.930000 -1.5036133930670244 0.0 -0.3207701256230193
 1.940000 -1.5087862946813761 0.0 -0.2721309975745221
 1.950000 -1.513705579983951 0.0 -0.2233585434635892
 1.960000 -1.5183623020349652 0.0 -0.17448521351738044
 1.970000 -1.5227475138946351 0.0 -0.12554345796305388
 1.980000 -1.5268522686231774 0.0 -0.0765657270277682
 1.990000 -1.5306676192808084 0.0 -0.027584470938681882
 2.000000 -1.5341846189277446 0.0 0.02136786007704594
 2.010000 -1.5373943206242024 0.0 0.0702588157922559
 2.020000 -1.5402877774303985 0.0 0.11905594597979263
 2.030000 -1.5428560424065492 0.0 0.1677268004124921
 2.040000 -1.5450901686128709 0.0 0.21623892886320117
 2.050000 -1.54698120910958 0.0 0.2645598811047565
 2.060000 -1.548520216956893 0.0 0.31265720691000354
 2.070000 -1.5496982452150265 0.0 0.3604984560517792
 2.080000 -1.5505063469441969 0.0 0.40805117830293014
 2.090000 -1.5509355752046208 0.0 0.45528292343629184
 2.100000 -1.550976983056514 0.0 0.502161241224711
 2.110000 -1.5506216235600938 0.0 0.5486536814410239
 2.120000 -1.5498605497755762 0.0 0.5947277938580768
 2.130000 -1.5486848147631778 0.0 0.6403511282487071
 2.140000 -1.547085471583115 0.0 0.6854912343857591
 2.150000 -1.5450535732956043 0.0 0.7301156620420706
 2.160000 -1.5425801729608621 0.0 0.7741919609904873
 2.170000 -1.5396563236391048 0.0 0.8176876810038469
 2.180000 -1.536273078390549 0.0 0.8605703718549922
 2.190000 -1.5324214902754112 0.0 0.9028075833167644
 2.200000 -1.5280926123539074 0.0 0.9443668651620061
 2.210000 -1.5232774976862549 0.0 0.9852157671635546
 2.220000 -1.517967199332669 0.0 1.0253218390942567
 2.230000 -1.5121527703533675 0.0 1.064652630726949
 2.240000 -1.5058252638085659 0.0 1.1031756918344762
 2.250000 -1.4989757327584812 0.0 1.1408585721896771
 2.260000 -1.4915952302633295 0.0 1.1776688215653945
 2.270000 -1.483674809383327 0.0 1.2135739897344702
 2.280000 -1.475205523178691 0.0 1.248541626469743
 2.290000 -1.466178424709637 0.0 1.2825392815440582
 2.300000 -1.4565845670363824 0.0 1.3155345047302536
 2.310000 -1.4464150032191427 0.0 1.347494845801172
 2.320000 -1.4356607863181354 0.0 1.3783878545296542
 2.330000 -1.4243129693935757 0.0 1.4081810806885429
 2.340000 -1.4123626055056815 0.0 1.4368420740506767
 2.350000 -1.399800747714668 0.0 1.4643383843889
 2.360000 -1.3866184490807525 0.0 1.4906375614760519
 2.370000 -1.3728067626641507 0.0 1.5157071550849746
 2.380000 -1.35835674152508 0.0 1.5395147149885102
 2.390000 -1.3432594387237557 0.0 1.5620277909594988
 2.400000 -1.3275059073203956 0.0 1.5832139327707817
 2.410000 -1.3110872003752148 0.0 1.603040690195201
 2.420000 -1.2939943709484312 0.0 1.6214756130055972
 2.430000 -1.2762184721002596 0.0 1.6384862509748124
 2.440000 -1.2577505568909182 0.0 1.6540401538756875
 2.450000 -1.2385816783806216 0.0 1.6681048714810647
 2.460000 -1.2187028896295884 0.0 1.6806479535637826
 2.470000 -1.1981052436980328 0.0 1.6916369498966866
 2.480000 -1.1767797936461732 0.0 1.7010394102526152
 2.490000 -1.1547175925342243 0.0 1.7088228844044102
 2.500000 -1.1319096934224047 0.0 1.7149549221249134
 2.510000 -1.1077586045559737 0.0 1.7194687723183824
 2.520000 -1.0817026635192248 0.0 1.722438733388356
 2.530000 -1.0537866673809262 0.0 1.7238939293565974
 2.540000 -1.024055413209842 0.0 1.7238634842448692
 2.550000 -0.9925536980747411 0.0 1.7223765220749345
 2.560000 -0.9593263190443873 0.0 1.7194621668685561
 2.570000 -0.9244180731875498 0.0 1.715149542647497
 2.580000 -0.887873757572992 0.0 1.70946777343352
 2.590000 -0.8497381692694833 0.0 1.702445983248388
 2.600000 -0.8100561053457869 0.0 1.6941132961138639
 2.610000 -0.7688723628706726 0.0 1.6844988360517108
 2.620000 -0.7262317389129032 0.0 1.673631727083691
 2.630000 -0.6821790305412488 0.0 1.6615410932315684
 2.640000 -0.636759034824472 0.0 1.6482560585171047
 2.650000 -0.590016548831343 0.0 1.633805746962064
 2.660000 -0.5419963696306244 0.0 1.618219282588208
 2.670000 -0.4927432942910863 0.0 1.601525789417301
 2.680000 -0.44230211988149115 0.0 1.5837543914711043
 2.690000 -0.3907176434706098 0.0 1.5649342127713823
 2.700000 -0.3380346621272037 0.0 1.5450943773398966
 2.710000 -0.2842979729200441 0.0 1.5242640091984114
 2.720000 -0.229552372917893 0.0 1.502472232368688
 2.730000 -0.17384265918952113 0.0 1.4797481708724913
 2.740000 -0.11721362880369002 0.0 1.456120948731582
 2.750000 -0.0597100788291709 0.0 1.4316196899677252
 2.760000 -0.0013768063347283643 0.0 1.4062735186026827
 2.770000 0.05774139161087444 0.0 1.3801115586582162
 2.780000 0.1175997179388657 0.0 1.3531629341560913
 2.790000 0.1781533755804845 0.0 1.3254567691180679
 2.800000 0.23935756746695902 0.0 1.2970221875659116
 2.810000 0.30116749652952834 0.0 1.2678883135213828
 2.820000 0.36353836569942044 0.0 1.2380842710062474
 2.830000 0.42642537790787416 0.0 1.207639184042265
 2.840000 0.48978373608611836 0.0 1.1765821766512015
 2.850000 0.5535686431653914 0.0 1.1449423728548167
 2.860000 0.6177353020769223 0.0 1.1127488966748769
 2.870000 0.6822389157519493 0.0 1.0800308721331418
 2.880000 0.7470346871217011 0.0 1.0468174232513774
 2.890000 0.812077819117416 0.0 1.0131376740513431
 2.900000 0.8773235146703229 0.0 0.9790207485548056
 2.910000 0.9427269767116608 0.0 0.9444957707835242
 2.920000 1.0082434081726581 0.0 0.9095918647592649
 2.930000 1.0738280119845536 0.0 0.8743381545037878
 2.940000 1.1394359910785745 0.0 0.8387637640388588
 2.950000 1.2050225483859616 0.0 0.8028978173862374
 2.960000 1.270542886837942 0.0 0.76676943856769
 2.970000 1.3359522093657548 0.0 0.7304077516049761
 2.980000 1.4012057189006284 0.0 0.6938418805198618
 2.990000 1.4662586183738018 0.0 0.6571009493341071
 3.000000 1.5310661107165031 0.0 0.6202140820694779
 3.010000 1.595583398859969 0.0 0.5832104027477352
 3.020000 1.6597656857354357 0.0 0.5461190353906407
 3.030000 1.7235681742741304 0.0 0.5089691040199606
 3.040000 1.786946067407294 0.0 0.4717897326574543
 3.050000 1.849854568066153 0.0 0.43461004532488756
 3.060000 1.9122488791819467 0.0 0.3974591660440212
 3.070000 1.974084203685904 0.0 0.3603662188366201
 3.080000 2.035315744509265 0.0 0.3233603277244441
 3.090000 2.0958987045832553 0.0 0.28647061672926055
 3.100000 2.1557882868391154 0.0 0.24972620987282768
 3.110000 2.214939694208073 0.0 0.2131562311769124
 3.120000 2.2733081296213675 0.0 0.1767898046632741
 3.130000 2.330848796010228 0.0 0.14065605435367878
 3.140000 2.3875168963058915 0.0 0.10478410426988649
 3.150000 2.443267633439588 0.0 0.0692030784336628
 3.160000 2.4980562103425545 0.0 0.03394210086676863
 3.170000 2.5518378299460225 0.0 -9.697044090319906E-4
 3.180000 2.604567695181227 0.0 -0.035503213371976816
 3.190000 2.6562010089793997 0.0 -0.06962930200030204
 3.200000 2.706692974271777 0.0 -0.10331884627224674
 3.210000 2.7559987939895887 0.0 -0.13654272216604513
 3.220000 2.8040736710640735 0.0 -0.16927180565993716
 3.230000 2.85087280842646 0.0 -0.20147697273215792
 3.240000 2.8963514090079854 0.0 -0.2331290993609454
 3.250000 2.940464675739881 0.0 -0.2641990615245364
 3.260000 2.9831678115533804 0.0 -0.29465773520116745
 3.270000 3.024416019379721 0.0 -0.324475996369078
 3.280000 3.0641645021501307 0.0 -0.353624721006502
 3.290000 3.1023684627958468 0.0 -0.38207478509167947
 3.300000 3.1389831042481036 0.0 -0.4097970646028455
 3.310000 3.173963629438132 0.0 -0.43676243551823735
 3.320000 3.207265241297167 0.0 -0.4629417738160928
 3.330000 3.238843142756443 0.0 -0.4883059554746496
 3.340000 3.2686525367471906 0.0 -0.5128258564721428
 3.350000 3.2966486262006476 0.0 -0.5364723527868116
 3.360000 3.3227866140480438 0.0 -0.559216320396891
 3.370000 3.3470217032206153 0.0 -0.58102863528062
 3.380000 3.3693090966495958 0.0 -0.6018801734162351
 3.390000 3.3896039972662177 0.0 -0.6217418107819737
 3.400000 3.407861608001714 0.0 -0.6405844233560716
 3.410000 3.4240371317873204 0.0 -0.6583788871167671
 3.420000 3.438085771554268 0.0 -0.675096078042297
 3.430000 3.449962730233793 0.0 -0.6907068721108982
 3.440000 3.4596232107571274 0.0 -0.705182145300808
 3.450000 3.467022416055505 0.0 -0.7184927735902642
 3.460000 3.472115549060161 0.0 -0.7306096329575018
 3.470000 3.4748578127023264 0.0 -0.7415035993807604
 3.480000 3.475204409913237 0.0 -0.7511455488382759
 3.490000 3.473110543624124 0.0 -0.7595063573082852
 3.500000 3.4685314167662242 0.0 -0.7665569007690256
 3.510000 3.461321002317252 0.0 -0.7725072183571751
 3.520000 3.451397696106604 0.0 -0.7775969103232295
 3.530000 3.4388133353430335 0.0 -0.7818411943161522
 3.540000 3.4236197572352913 0.0 -0.7852552879849072
 3.550000 3.405868798992132 0.0 -0.7878544089784579
 3.560000 3.3856122978223064 0.0 -0.7896537749457683
 3.570000 3.362902090934569 0.0 -0.7906686035358019
 3.580000 3.3377900155376703 0.0 -0.7909141123975225
 3.590000 3.3103279088403648 0.0 -0.7904055191798939
 3.600000 3.2805676080514035 0.0 -0.7891580415318797
 3.610000 3.2485609503795407 0.0 -0.7871868971024437
 3.620000 3.214359773033527 0.0 -0.7845073035405495
 3.630000 3.178015913222117 0.0 -0.781134478495161
 3.640000 3.139581208154061 0.0 -0.7770836396152417
 3.650000 3.0991074950381146 0.0 -0.7723700045497557
 3.660000 3.0566466110830266 0.0 -0.767008790947666
 3.670000 3.012250393497554 0.0 -0.7610152164579372
 3.680000 2.965970679490445 0.0 -0.7544044987295323
 3.690000 2.917859306270456 0.0 -0.7471918554114156
 3.700000 2.8679681110463355 0.0 -0.7393925041525502
 3.710000 2.816348931026841 0.0 -0.7310216626019005
 3.720000 2.7630536034207203 0.0 -0.7220945484084295
 3.730000 2.7081339654367302 0.0 -0.7126263792211016
 3.740000 2.6516418542836195 0.0 -0.7026323726888799
 3.750000 2.5936291071701447 0.0 -0.6921277464607287
 3.760000 2.534147561305056 0.0 -0.6811277181856116
 3.770000 2.4732490538971037 0.0 -0.6696475055124915
 3.780000 2.410985422155046 0.0 -0.6577023260903335
 3.790000 2.3474085032876295 0.0 -0.6453073975680998
 3.800000 2.2825701345036125 0.0 -0.6324779375947557
 3.810000 2.2165221530117423 0.0 -0.6192291638192634
 3.820000 2.149316396020777 0.0 -0.605576293890588
 3.830000 2.081004700739462 0.0 -0.5915345454576919
 3.840000 2.011638904376558 0.0 -0.5771191361695401
 3.850000 1.9412708441408109 0.0 -0.5623452836750951
 3.860000 1.8699523572409786 0.0 -0.5472282056233219
 3.870000 1.797735280885808 0.0 -0.5317831196631828
 3.880000 1.7246714522840583 0.0 -0.516025243443643
 3.890000 1.6508127086444753 0.0 -0.49996979461366464
 3.900000 1.5762108871758178 0.0 -0.483631990822213
 3.910000 1.500917825086833 0.0 -0.46702704971825043
 3.920000 1.4249853595862785 0.0 -0.45017018895074185
 3.930000 1.3484653278829013 0.0 -0.4330766261686498
 3.940000 1.271409567185461 0.0 -0.41576157902093935
 3.950000 1.1938699147027023 0.0 -0.39824026515657274
 3.960000 1.1158982076433852 0.0 -0.38052790222451505
 3.970000 1.0375462832162552 0.0 -0.3626397078737287
 3.980000 0.958865978630072 0.0 -0.3445908997531788
 3.990000 0.8799091310935814 0.0 -0.3263966955118276
 4.000000 0.8007275778155432 0.0 -0.3080723127986404
 4.010000 0.7213731560047054 0.0 -0.28963296926258
 4.020000 0.6418977028698221 0.0 -0.27109388255261024
 4.030000 0.5623530556196372 0.0 -0.2524702703176932
 4.040000 0.48279105146291856 0.0 -0.2337773502067959
 4.050000 0.40326352760841155 0.0 -0.21503033986887998
 4.060000 0.3238223212648683 0.0 -0.19624445695290993
 4.070000 0.24451926964103432 0.0 -0.17743491910784714
 4.080000 0.16540620994567634 0.0 -0.1586169439826589
 4.090000 0.08653497938754207 0.0 -0.13980574922630773
 4.100000 0.007957415175380067 0.0 -0.12101655248775645
 4.110000 -0.07027464548206064 0.0 -0.1022645714159679
 4.120000 -0.14810936537601505 0.0 -0.0835650236599087
 4.130000 -0.22549490729773813 0.0 -0.0649331268685408
 4.140000 -0.30237943403847556 0.0 -0.04638409869082827
 4.150000 -0.3787111083894832 0.0 -0.027933156775732826
 4.160000 -0.4544380931419938 0.0 -0.009595518772221867
 4.170000 -0.5295085510872628 0.0 0.0086135976707431
 4.180000 -0.6038706450165345 0.0 0.026678974904197572
 4.190000 -0.6774725377210671 0.0 0.04458539527917993
 4.200000 -0.7502623919920919 0.0 0.062317641146723224
 4.210000 -0.8221883706208648 0.0 0.07986049485786506
 4.220000 -0.893198636398632 0.0 0.09719873876364227
 4.230000 -0.9632413521166465 0.0 0.11431715521509223
 4.240000 -1.0322646805661448 0.0 0.1312005265632482
 4.250000 -1.1002167845383801 0.0 0.14783363515914805
 4.260000 -1.1670458268245985 0.0 0.16420126335382845
 4.270000 -1.2326999702160504 0.0 0.18028819349832492
 4.280000 -1.2971273775039847 0.0 0.1960792079436754
 4.290000 -1.3602762114796412 0.0 0.2115590890409137
 4.300000 -1.4220946349342722 0.0 0.22671261914107754
 4.310000 -1.482530810659124 0.0 0.24152458059520265
 4.320000 -1.5415329014454477 0.0 0.2559797557543271
 4.330000 -1.5990490700844853 0.0 0.27006292696948453
 4.340000 -1.6550274793674853 0.0 0.28375887659171206
 4.350000 -1.7094162920856966 0.0 0.2970523869720465
 4.360000 -1.7621636710303688 0.0 0.3099282404615249
 4.370000 -1.8132177789927435 0.0 0.3223712194111814
 4.380000 -1.8625267787640722 0.0 0.334366106172054
 4.390000 -1.9100388331356002 0.0 0.3458976830951781
 4.400000 -1.9557021048985814 0.0 0.3569507325315915
 4.410000 -1.9994647568442523 0.0 0.3675100368323281
 4.420000 -2.0412749517638686 0.0 0.3775603783484256
 4.430000 -2.081080852448673 0.0 0.38708653943092
 4.440000 -2.1188306216899186 0.0 0.3960733024308485
 4.450000 -2.154472422278847 0.0 0.40450544969924573
 4.460000 -2.1879544170067065 0.0 0.41236776358714833
 4.470000 -2.219224768664747 0.0 0.41964502644559354
 4.480000 -2.248231640044217 0.0 0.42632202062561797
 4.490000 -2.2749231939363592 0.0 0.432383528478256
 4.500000 -2.299247593132423 0.0 0.43781433235454514
 4.510000 -2.319634439523077 0.0 0.4423755917199774
 4.520000 -2.3346584667295827 0.0 0.44586079780493093
 4.530000 -2.344485535139079 0.0 0.4483032306077713
 4.540000 -2.3492815051387033 0.0 0.44973617012686323
 4.550000 -2.3492122371155952 0.0 0.45019289636057247
 4.560000 -2.344443591456893 0.0 0.44970668930726426
 4.570000 -2.3351414285497345 0.0 0.4483108289653038
 4.580000 -2.32147160878126 0.0 0.4460385953330566
 4.590000 -2.303599992538607 0.0 0.44292326840888796
 4.600000 -2.281692440208915 0.0 0.43899812819116313
 4.610000 -2.2559148121793196 0.0 0.43429645467824707
 4.620000 -2.226432968836964 0.0 0.42885152786850583
 4.630000 -2.1934127705689845 0.0 0.4226966277603045
 4.640000 -2.15702007776252 0.0 0.4158650343520082
 4.650000 -2.1174207508047056 0.0 0.4083900276419817
 4.660000 -2.074780650082687 0.0 0.4003048876285916
 4.670000 -2.0292656359835988 0.0 0.39164289431020266
 4.680000 -1.9810415688945802 0.0 0.38243732768518013
 4.690000 -1.930274309202765 0.0 0.3727214677518884
 4.700000 -1.8771297172953005 0.0 0.3625285945086947
 4.710000 -1.8217736535593212 0.0 0.35189198795396326
 4.720000 -1.764371978381966 0.0 0.3408449280860595
 4.730000 -1.705090552150368 0.0 0.32942069490334785
 4.740000 -1.644095235251676 0.0 0.3176525684041954
 4.750000 -1.5815518880730237 0.0 0.3055738285869668
 4.760000 -1.5176263710015498 0.0 0.2932177554500271
 4.770000 -1.4524845444243926 0.0 0.2806176289917417
 4.780000 -1.386292268728685 0.0 0.26780672921047477
 4.790000 -1.319215404301577 0.0 0.2548183361045939
 4.800000 -1.251419811530202 0.0 0.2416857296724634
 4.810000 -1.1830713508016988 0.0 0.22844218991244858
 4.820000 -1.1143358825031986 0.0 0.2151209968229133
 4.830000 -1.0453792670218534 0.0 0.20175543040222554
 4.840000 -0.976367364744795 0.0 0.18837877064874925
 4.850000 -0.9074660360591627 0.0 0.17502429756084986
 4.860000 -0.8388411413520884 0.0 0.1617252911368916
 4.870000 -0.7706585410107234 0.0 0.14851503137524197
 4.880000 -0.7030840954222 0.0 0.13542679827426513
 4.890000 -0.636283664973657 0.0 0.12249387183232663
 4.900000 -0.5704231100522259 0.0 0.10974953204779031
 4.910000 -0.5056682910450587 0.0 0.09722705891902395
 4.920000 -0.44218506833928806 0.0 0.08495973244439187
 4.930000 -0.3801393023220516 0.0 0.07298083262225907
 4.940000 -0.31969685338048337 0.0 0.061323639450990175
 4.950000 -0.2610235819017319 0.0 0.05002143292895228
 4.960000 -0.20428534827293054 0.0 0.039107493054509834
 4.970000 -0.14964801288121876 0.0 0.028615099826028223
 4.980000 -0.09727743611373008 0.0 0.01857753324187167
 4.990000 -0.04733947835761265 0.0 0.009028073300407502
 5.000000 0.0 0.0 0.0
