#
# 3D block
#
[
name="3D block, 3 contacts, no friction
M=
[ [ 6 ]
  [ 6 ]
  [ 0 0
    1000.0 0.0 0.0 0.0 0.0 -0.0
    0.0 1000.0 0.0 -0.0 0.0 0.0
    0.0 0.0 1000.0 0.0 -0.0 0.0
    0.0 -0.0 0.0 166.66666666666666 0.0 0.0
    0.0 0.0 -0.0 0.0 166.66666666666666 0.0
    -0.0 0.0 0.0 0.0 0.0 166.66666666666666
  ]
]
NT=
[ [ 6 ]
  [ 3 ]
  [ 0 0
    0.0  0.0  0.0
    0.0  0.0  0.0
    1.0  1.0  1.0
   -0.5 -0.5  0.5
    0.5 -0.5 -0.5
    0.0  0.0  0.0
  ]
]
DT=null
bf=[0 0 -90.0 0 0 0 ]
vel=[0 0 0 0 0 0 ]
the=[45 0 45]
]
[
name="3D block, 3 contacts, sticking friction
DT=
[ [ 6 ]
  [ 2 2 2 ]
  [ 0 0
    1.0  0.0
    0.0  1.0
    0.0  0.0
    0.0  0.5
   -0.5  0.0
   -0.5  0.5
  ]
  [ 0 1
    1.0  0.0
    0.0  1.0
    0.0  0.0
    0.0  0.5
   -0.5  0.0
   -0.5 -0.5
  ]
  [ 0 2
    1.0  0.0
    0.0  1.0
    0.0  0.0
    0.0  0.5
   -0.5  0.0
    0.5 -0.5
  ]
]
flim=[9 9 9 9 9 9]
bf=[10 0 -90 0 0 0 ]
vel=[0 0 0 0 0 0 ]
the=[40 5 45]
phi=null
]
[
name="3D block, 3 contacts, sliding friction
bf=[40 0 -90 0 0 0 ]
vel=[0.013 0 0 0 0 0 ]
the=[31.5 13.5 45]
]
#
# 3D block 4 contacts
#
[
name="3D block, 4 contacts, no friction"
NT=
[ [ 6 ]
  [ 4 ]
  [ 0 0
    0.0  0.0  0.0  0.0
    0.0  0.0  0.0  0.0
    1.0  1.0  1.0  1.0
   -0.5 -0.5  0.5  0.5
    0.5 -0.5 -0.5  0.5
    0.0  0.0  0.0  0.0
  ]
]
the=null
bf=[0 0 -90.0 0 0 0 ]
vel=[0 0 0 0 0 0 ]
]
[
name = "3D block, 4 contacts, sticking friction"
DT=
[ [ 6 ]
  [ 2 2 2 2 ]
  [ 0 0
    1.0  0.0
    0.0  1.0
    0.0  0.0
    0.0  0.5
   -0.5  0.0
   -0.5  0.5
  ]
  [ 0 1
    1.0  0.0
    0.0  1.0
    0.0  0.0
    0.0  0.5
   -0.5  0.0
   -0.5 -0.5
  ]
  [ 0 2
    1.0  0.0
    0.0  1.0
    0.0  0.0
    0.0  0.5
   -0.5  0.0
    0.5 -0.5
  ]
  [ 0 3
    1.0  0.0
    0.0  1.0
    0.0  0.0
    0.0  0.5
   -0.5  0.0
    0.5  0.5
  ]
]
flim=[9 9 9 9 9 9 9 9]
bf=[10 0 -90 0 0 0 ]
vel=[0 0 0 0 0 0 ]
]
[
name="3D block, 4 contacts, sliding friction"
bf=[40 0 -90 0 0 0 ]
vel=[0.004 0 0 0 0 0 ]
]
