0.0 5.0 1.0
Linear 12 explicit
 0.000000 3.013055779836904E-4 -0.003628170682340226 -0.00890284982015288 -7.307428692728823E-4 0.015253530027649731 0.015012017905405628 -0.018328084363631092 0.012559043272638348 0.042899400737553606 0.033579748447429836 -0.008913407547254337 0.021815102817868137
 0.010000 1.349997700713344E-18 -0.0028937223731732606 -0.007088253619599527 -2.44384086728176E-18 0.006390233175049313 0.014914603383431313 5.730880134788596E-17 -0.017587230726796674 -0.039160543866273656 9.442119176585907E-17 0.049180774705815555 0.10485082507011612
 0.020000 -0.9999999999998401 0.9999999999998863 -0.9999999999998863 -1.0 -0.9999999999996732 -1.000000000003979 -1.0000000000000036 -1.000000000004377 -0.9999999999998863 -1.0 -0.15843703990336166 -0.23813248557519273
 0.030000 0.012105192531862485 0.011553855909028243 0.00867820413847653 0.014152298959970722 -2.517716210945764E-4 0.02810054058681999 0.016879410332109046 0.05316877919779017 -0.023840717965867952 0.01881619455866712 -0.09458058346046982 0.10685533113746715
 0.040000 0.08835184886379466 0.050183875862728655 0.11857381195915195 0.06892493493148777 0.09050406651067533 0.13705544969843686 0.050840569262391 0.1780547410081681 0.0966363989864476 0.01932509827611284 -0.0158604619275593 0.10064356659086116
 0.050000 0.23172019073047068 0.13666117383189658 0.34782878660570304 0.17315887950928754 0.23339234698113387 0.4600364738907956 0.11302840856023977 0.5099844774335907 0.3353700063553333 -0.03838683946378296 0.09688881266333738 0.14445118378398547
 0.060000 0.3212735218256739 0.14388708396512584 0.5780956056929938 0.18879212200795337 0.3325899660403593 0.897246398723837 0.03732285270803004 0.8330903597318411 0.5897992090704065 -0.1694339067871624 0.3826905299945338 0.18365792126496672
 0.070000 0.18995657315338121 0.005877763438036254 0.38967209512290246 0.062139916547948815 0.23030628135268216 0.5926452107751174 -0.05777031473189709 0.5296011940345124 0.3862150342811219 -0.09798499425869522 0.28885525663417866 0.18709872489671397
 0.080000 0.015286951688040062 -0.003982438442420744 0.026315229738997914 0.004562080632126708 0.011581866694086784 0.058694582512089255 -0.0124381929649644 0.0661568924583662 -0.008778953295859537 0.02358092136000778 -0.05665643675484944 0.12930011127991747
 0.090000 -0.04972562354078036 0.10523301149441977 -0.17695388296986891 0.04883271093572006 -0.12818996742791455 -0.19983171574023118 0.12824532274046874 -0.16367541956739728 -0.2004132302125754 0.1797120528468099 -0.16688520580583344 -0.043808372144837904
 0.100000 -0.004227235459900669 0.07459303280079155 -0.0661283187814945 0.049228838955365006 -0.05098855091699761 -0.07082211690877216 0.09667087705264521 -0.05135305219141628 -0.07434099080668943 0.13161378139903945 -0.048314586693535944 -0.03507939381643155
 0.110000 -0.0024505428252385997 -0.03810865945342812 0.023326121377721165 -0.02877179467230917 0.016570677920867638 0.03349908906216115 -0.053667199142864774 0.03301545245557236 0.010439729776408058 -0.03795995818541087 -0.036463450536246 0.07162987450715264
 0.120000 -0.00203646880034114 -0.013047618259747651 0.004751337395489941 -0.009781822921127059 0.0015637543971820378 0.013278465542157392 -0.017211807503372256 0.014242016184894624 -0.007249923433391814 0.009403316119914962 -0.03168306685427069 0.0478457350093322
 0.130000 -0.0024168059531035624 -0.011701584983939028 0.0035552614159968243 -0.00877351188881903 3.5332629306594754E-4 0.012140191866706118 -0.014778269787484533 0.010394825860778667 -0.007242588292342589 0.012283682801466966 -0.027136651346324925 0.04425636416181078
 0.140000 -0.006186068767817687 -0.024419745316436092 0.009491095901495328 -0.01840570825015675 3.4694276666868973E-4 0.022493253595257556 -0.027460091394914343 0.011088507848313611 -2.4351965157620725E-4 -8.718047133697837E-4 -0.034701972377092716 0.05515017225752672
 0.150000 -0.013926188490728464 -0.0527550814189226 0.027585219271628603 -0.03722797176385484 -0.006811537933224088 0.05796775341946159 -0.04747183017843781 0.007115082399366202 0.02528549439773542 -0.027723816851221272 -0.044162587272808196 0.0758984444860289
 0.160000 -0.013694683218886894 -0.07324954434318443 0.06687282853314969 -0.04700743602325019 -0.04452542191648945 0.1498738864115694 -0.054082487587834294 -0.017557003634237844 0.0962557696342401 -0.04427089416549279 -0.041497985734054055 0.09735234839422446
 0.170000 0.012068924176404039 -0.012748052185216352 0.06813464177641748 -0.018894362066092185 -0.08396067914867444 0.18717129060587467 -0.04883085239396223 -0.057650850917070784 0.13374732839065473 -0.027057162696564774 -0.020014018977917658 0.08987233931611627
 0.180000 0.014434238316823667 0.021705745662629283 0.023243928216658105 -0.009576083262452073 -0.0632400773106383 0.10225222464941908 -0.05292381570041016 -0.057467075310114524 0.07032804640448376 -0.01694721615626804 -0.01278049940310666 0.06909070369624715
 0.190000 0.003913382140666499 0.00864397270274253 1.602502468927014E-4 -0.0039026757279572166 -0.01624378693691142 0.023286091969794143 -0.021537897879511547 -0.01637566441547733 0.005059789598476527 0.010242465300052572 -0.006801776138672722 0.04374299980736396
 0.200000 0.0030172581704732693 0.007844352943720878 -0.0020106988876023024 -0.003985616441596562 -0.011636969630046679 0.015515376073608422 -0.019747393673355873 -0.012432900946464542 -4.2427563892033504E-4 0.011816176123829791 -0.007921641002099022 0.04053593925050336
 0.210000 0.003069057897292282 0.008794191728128453 -0.0029320137661841272 -0.0049133294572527575 -0.011200495834515323 0.014016525539659597 -0.021904648782992808 -0.013162065936398903 -0.001164681934028522 0.011200525558479058 -0.009492348207118084 0.041139602935345465
 0.220000 0.0028327599704596196 0.008456521697013386 -0.003268580503146268 -0.005075179147780773 -0.009801873130868444 0.012244213269468673 -0.0214394518611698 -0.012077622814786082 -0.0024549124401573863 0.012782289858023432 -0.010940355011939573 0.04067548358307249
 0.230000 0.002726875526846584 0.008273885327184871 -0.003335744924925166 -0.005158198422691385 -0.009030935304366494 0.011439300467827707 -0.021118196872862427 -0.011640871502549999 -0.002974114958192331 0.014371581168234115 -0.012502138681043107 0.040343321658610876
 0.240000 0.002748032073242257 0.008356128731861645 -0.0032736474464343246 -0.005267716494188335 -0.008831024096878082 0.011390908386374576 -0.0212210066025591 -0.01197614866555341 -0.0028854051384996637 0.015794670779541775 -0.014328783380847199 0.040221741546019985
 0.250000 0.0028513392527145243 0.008606788104458474 -0.0030874358589016992 -0.005384736472578311 -0.009049761086373564 0.011960897195422149 -0.021612324849343167 -0.013005011850395931 -0.0023577787771955627 0.017071638203788098 -0.016382688104044973 0.040240483444222264
 0.260000 0.002997289758837951 0.008930698848274687 -0.002727169720060374 -0.005497809745463655 -0.009630226537097997 0.013182093753243862 -0.022197219431518533 -0.01472657316128334 -0.0014606550139433239 0.018191378642313794 -0.01865559658233451 0.04039727182680508
 0.270000 0.003117117473451003 0.009158142681087611 -0.0021002327922587938 -0.005587519414206099 -0.010513612936421168 0.015135240519498439 -0.022815094480733933 -0.017051171235721085 -2.6452793872522307E-4 0.01917405131666783 -0.021123014937415974 0.04066617470721212
 0.280000 0.0030976473180004405 0.00902648683921825 -0.0011093357693425787 -0.005642261260689452 -0.011579498269412625 0.01784597008872879 -0.023243039529120324 -0.0196896423999533 0.0011019250464414654 0.02005495437128957 -0.02365765659749286 0.04097729283216722
 0.290000 0.002803415114044583 0.008255431745780584 2.6740432407734716E-4 -0.0056941769959806265 -0.01262377130240111 0.02117294738536657 -0.023311788946330125 -0.022130364413101233 0.0024432592115317675 0.020824789049811443 -0.02598608221046561 0.0412339768909078
 0.300000 0.0021507256981365686 0.006723385885614164 0.001899002048787679 -0.005837889934703355 -0.013419021549225363 0.02478201156623072 -0.023081623309622046 -0.023828547438938585 0.0035749271069107635 0.021359975177347224 -0.027742674362343678 0.04136979915961092
 0.310000 0.0011837999453376824 0.004610013480990105 0.0035425479905910606 -0.006200787523169993 -0.013870699030661626 0.02835859814331343 -0.022927565875761502 -0.024599769198516697 0.004480957008127007 0.021405787791991315 -0.02864925965866405 0.04142964091010981
 0.320000 4.815789492607081E-5 0.002291519615415183 0.0050214497890692655 -0.006892010337622878 -0.014125276390387853 0.031944300103759815 -0.02340066003409902 -0.02482050659386914 0.0054028477138672315 0.020671504832534993 -0.028678597383759552 0.04159897959993941
 0.330000 -0.0011222317250094704 7.294123999201929E-5 0.006336647998598011 -0.00798289159233434 -0.014480492127162847 0.03598765832373374 -0.02498830408478625 -0.02511165457713105 0.006735148386383116 0.018987333456834676 -0.02799304267784919 0.04212051004196837
 0.340000 -0.002255614327268063 -0.0019187614042834866 0.007580025671630075 -0.009496278746212283 -0.015195538320043056 0.0410045207455596 -0.02797217161878507 -0.025843275173656366 0.008835692764705527 0.01640214944291074 -0.02670208093650217 0.04315338025867277
 0.350000 -0.003295574424658554 -0.003632710386213489 0.008791975932970875 -0.011369523583823593 -0.016385065095207096 0.04719740078223822 -0.032379131944026085 -0.026938144521409413 0.011904941275986403 0.013185578421371247 -0.02471076441747755 0.04468884840912324
 0.360000 -0.004156746260516542 -0.004991589710570565 0.009910744587518616 -0.013427816044924157 -0.018012433192396315 0.05429174939661152 -0.03794984955277414 -0.027984432443645346 0.015935840623853892 0.009774642100865094 -0.021808419756894182 0.04656452903918762
 0.370000 -0.004744331243596633 -0.005900183826952343 0.010813455320814763 -0.015415675674233853 -0.01991230116522047 0.06160064541677457 -0.04414120322849158 -0.02846211641883656 0.02069871142600732 0.006681300171749172 -0.017901562916222247 0.048545362855293206
 0.380000 -0.005010944748303103 -0.006319719864180229 0.011394114383613818 -0.01708364077154556 -0.021824135552833468 0.0682740291592836 -0.050223911923353626 -0.02796997638722587 0.025792994391167667 0.004368566450921207 -0.013190304170620948 0.050422418113612366
 0.390000 -0.004991630399558744 -0.006317961812641215 0.01162952905363035 -0.01827941269755229 -0.02345403761322018 0.07364245302358086 -0.055481366058415915 -0.02637879911355867 0.030794560405240645 0.003139273576607593 -0.008146219069885774 0.05208219059613839
 0.400000 -0.00478490276123722 -0.006047993921839634 0.011595017842452648 -0.018984180288384778 -0.024551094474503543 0.0774656469054662 -0.05941485818811998 -0.023840685324614697 0.03542924508846568 0.0030928934108942485 -0.0033168600270983006 0.05351736410011654
 0.410000 -0.0044998264742268645 -0.005680328776620058 0.011423915642765792 -0.0192771261007465 -0.024950537482681057 0.07992987526961315 -0.06183024356516853 -0.020664355711005555 0.03964985875005311 0.0041624898290137935 8.771621393179885E-4 0.05478916942138312
 0.420000 -0.004211233115785973 -0.005342993641477278 0.01124461422967471 -0.019263406454996357 -0.024558264066939728 0.08143233018950014 -0.06277304087177527 -0.017159316105960443 0.04357261699589543 0.006191067217514501 0.004219118025787338 0.05597559533771346
 0.430000 -0.003943795847261455 -0.005096553307723184 0.011133727173046282 -0.01901258812802098 -0.023302673958340847 0.08232344978432593 -0.062391303701588186 -0.013546723026223617 0.0473366267675317 0.008996564888548164 0.00665713784547961 0.05713027974752549
 0.440000 -0.0036792030874774895 -0.00493573741582054 0.011098035697493458 -0.018531663908873952 -0.021102985034474386 0.08274003477822589 -0.06082937271344235 -0.009957218172885973 0.05097318971448317 0.012402622490299109 0.008233619569153916 0.05825729018260972
 0.450000 -0.0033745663345285948 -0.0048017882889794805 0.01107855694783666 -0.017774634061936467 -0.017887564049090088 0.08256615622326535 -0.05820370050832935 -0.006477109291800787 0.05433562993840724 0.01623906214604176 0.009036910007807819 0.05929946790365648
 0.460000 -0.00298571393950553 -0.0046010423735936 0.010970021425436016 -0.016680978915303513 -0.013661236968516732 0.08150697997098177 -0.05464869949878448 -0.003194691374147851 0.057109664171605345 0.02032669531376996 0.009179964017477005 0.06014120931558864
 0.470000 -0.00249110493315996 -0.004234109975328693 0.01065413160486628 -0.015227995842280961 -0.008583406380864744 0.07924151256725054 -0.05038004004131835 -2.1615045623946116E-4 0.058905424104409576 0.024463569282943354 0.008792132290921018 0.06062916339988078
 0.480000 -0.001908144994740013 -0.0036349778082183093 0.010042166643273731 -0.013472418634620453 -0.00299823598722071 0.07559769652152681 -0.045717825896531394 0.0023546317329987687 0.05940349197271644 0.028426306835626747 0.00801285251122863 0.06061130393300118
 0.490000 -0.0012920264548066385 -0.0028048286377533316 0.009112799981608077 -0.011555695769970953 0.002623120926905642 0.07067449544547344 -0.0410452020341836 0.0044548118012812665 0.058493375657349134 0.03199012418008351 0.006983283246484007 0.0599870690230091
 0.500000 -7.151919001959495E-4 -0.001818505159178585 0.007926030437261034 -0.009665444040450666 0.007812784920702143 0.06485196817516226 -0.03672613135051961 0.0060915909207608365 0.056335764521122655 0.03496084085259099 0.005836926888719063 0.05875107401379864
 0.510000 -2.3874947558688575E-4 -7.954872712425676E-4 0.006603549497683048 -0.007974096605408931 0.012242005917869392 0.058686315972636294 -0.033030831669407235 0.007342761235491935 0.053316971091703635 0.03720728359621717 0.0046913585396168855 0.05700757480053653
 0.520000 1.0719160305683317E-4 1.4734961873941188E-4 0.005285740261612659 -0.006590261388993213 0.01579167701311235 0.05274744646646923 -0.03010356407207837 0.008331293341427681 0.04992271283038008 0.03868191435049084 0.0036421109139155305 0.05494291450804667
 0.530000 3.253008849917194E-4 9.320704292292703E-4 0.004089623000297138 -0.005545434718740694 0.018532257160529753 0.04747989482723369 -0.027975129429705703 0.009191200644693254 0.04659771402873503 0.03942073036932925 0.0027592859461265107 0.05276727341242804
 0.540000 4.392816132430255E-4 0.0015288262753543336 0.0030877536968532127 -0.004812105445083148 0.02064354443865568 0.043140419926089635 -0.026599623077913748 0.010041127336194222 0.043652623006664726 0.03952229021206222 0.002087606600412073 0.05065571560498938
 0.550000 4.792676072735702E-4 0.0019433257637118118 0.002310665636962028 -0.004333316547274535 0.02232752028322693 0.03981252913399658 -0.02589246450787641 0.010971742558467668 0.04123991525273141 0.03911609525789572 0.0016498405059337529 0.048714507578097255
 0.560000 4.717767630086911E-4 0.002198094031221842 0.0017617821141762136 -0.004046725053257205 0.023750212222864775 0.037461111473135134 -0.025756869735062082 0.012043773774450983 0.0393801726484071 0.038333901987925856 0.0014520408329872225 0.04697818050181013
 0.570000 4.354963544308532E-4 0.0023184674416114603 0.0014325010440146002 -0.003897543854591845 0.02501820157056045 0.03598824163748304 -0.02609667375719482 0.01329041487952054 0.03800596242172105 0.037292149497147875 0.0014884320528381068 0.04542617682773198
 0.580000 3.808634667077371E-4 0.0023259285463765877 0.0013112978161462507 -0.003842676683774471 0.026177917855306987 0.03527022703337934 -0.026819024529913804 0.01471943358643557 0.037000427280190706 0.03608602496876756 0.001744529469419831 0.04400524936227157
 0.590000 3.113005019867998E-4 0.0022368131272259006 0.0013863133223690483 -0.0038502368917576746 0.027224867697498212 0.035174276412703875 -0.027831706892527563 0.016313280709425726 0.03622373167308979 0.034791301421591925 0.002198385772317124 0.04264958972817112
 0.600000 2.250333764335366E-4 0.0020637785463364366 0.0016433224769762944 -0.0038973931020933605 0.02811599384682495 0.03556178089979767 -0.02903919230698193 0.018027949172278568 0.03553044761423507 0.03346943504880073 0.002820774066776721 0.0412964015677062
 0.610000 1.172678425946927E-4 0.001818251917455882 0.0020614398880454132 -0.0039678593743275314 0.028783645038515715 0.03628654690373878 -0.030340504873663576 0.01979283018681599 0.03478345082675105 0.032172558923093675 0.0035753555714563845 0.03989711119288586
 0.620000 -1.7238449144585388E-5 0.0015128318691495224 0.002608920383988078 -0.004049397289470846 0.029151789762408953 0.03719484675843887 -0.03163106842157504 0.021514404461413505 0.03386811282553026 0.030946415387575144 0.004419636959028139 0.03842457069004013
 0.630000 -1.8139048411766612E-4 0.0011629599796556533 0.003241365451668088 -0.0041314768719473705 0.029154532717257098 0.03813183916025764 -0.03280962459859893 0.023086090106460233 0.032707224992151396 0.029830427414140104 0.005307079777821855 0.03687614385989946
 0.640000 -3.733803764986998E-4 7.873182165241133E-4 0.0039041561503800892 -0.004203481880573179 0.028754823940545293 0.038955826051449094 -0.0337897786700978 0.024404650163944552 0.03127382640499832 0.028855086158046106 0.006190282975239825 0.03527250747833932
 0.650000 -5.856325380890759E-4 4.0665173283471745E-4 0.004539543676685298 -0.004254099424144897 0.02795900829696052 0.03955795429385489 -0.03451381365209727 0.025390493952670568 0.029597335761110344 0.028037730173537057 0.00702482857400355 0.03365260857276553
 0.660000 -8.057602124447172E-4 4.121877243790095E-5 0.0050967228518778995 -0.004272349787299845 0.026822288295505814 0.03988141383314314 -0.03496477665709108 0.026006268458900195 0.02775925278564273 0.027378490660339594 0.007773179040668765 0.03206613665633995
 0.670000 -0.0010194178465869896 -2.923107099608302E-4 0.005541436836367097 -0.004249949688297505 0.02544234857691663 0.03993285129746482 -0.0351724820632171 0.026267237163551727 0.025878179789152966 0.02685837112437639 0.008407901663304074 0.03056546488096501
 0.680000 -0.0012139715661705353 -5.833383863453889E-4 0.005861471859525125 -0.004183811422546313 0.02394265691744124 0.03978091397732442 -0.03521062724948365 0.026239250210835507 0.024088282872156697 0.026440881603662092 0.008913467368870442 0.029198873033010386
 0.690000 -0.001381465869208398 -8.282532875067972E-4 0.00606614581647591 -0.0040772168437950285 0.022450979473433108 0.039541781586422076 -0.03518523720964595 0.026024782572676486 0.022517965035230958 0.02607746118690102 0.009286028341648489 0.02800610119038538
 0.700000 -0.0015197748056019478 -0.0010295258525179207 0.006180563839883746 -0.0039389028097094325 0.021080028556667685 0.03935653931321781 -0.03521765952876876 0.02574198469957878 0.0212748874344193 0.02571559694035841 0.009531026062404635 0.027016374988761527
 0.710000 -0.0016318155075820684 -0.0011934626962881723 0.006237395736842899 -0.003780488656527581 0.01991529839017403 0.03936759118650457 -0.035426751243988974 0.025503512847905085 0.020440180971935007 0.02530771512300589 0.009659139239715842 0.026248406073818842
 0.720000 -0.001723572969943632 -0.001327459788996066 0.006269291475323513 -0.0036134984101838796 0.019011520519029546 0.03970020434431376 -0.035914186242933965 0.025400520666607918 0.020070891140626657 0.024818937725683554 0.009681644190663974 0.025711611138149237
 0.730000 -0.0018019656028558373 -0.0014374843643603086 0.00630399803679893 -0.0034472507941494257 0.018395959527452987 0.040452021212900036 -0.03675470153464744 0.02549399667171315 0.020207325488545536 0.024232512667254014 0.009606416402334617 0.02540780655431263
 0.740000 -0.0018733394478482879 -0.0015261594293649594 0.006362715391531992 -0.0032882397081728243 0.01807526900840628 0.04169003765872503 -0.03799089238987108 0.025812599936301694 0.020881575215517145 0.02355263410402131 0.009435489338784464 0.025332804727440816
 0.750000 -0.001942814915178559 -0.001591466889606874 0.006461053762564006 -0.003140872647875881 0.01804278358786604 0.04345247377796113 -0.039630811938934585 0.026354477450098557 0.022124387561277103 0.022804996518971166 0.0091645211522291 0.02547760240122443
 0.760000 -0.0020143294240329013 -0.0016259087601422362 0.0066113951515767155 -0.0030089243060444915 0.01828411510290806 0.04575233654597355 -0.04164635020578089 0.0270903141003771 0.023968740472753325 0.022035606608028502 0.008783992786334238 0.025829169893540893
 0.770000 -0.0020909392587453723 -0.0016159598148868248 0.006825427518720062 -0.002896925014440832 0.018779944373967794 0.048579741443631974 -0.04397087825350354 0.027965518694770708 0.026449214467355375 0.021308244010299404 0.008281636398123737 0.02637116116375182
 0.780000 -0.0021749819300556084 -0.0015418370942685833 0.007115766611587304 -0.002810809201845288 0.019505568636134285 0.05190062905862192 -0.046495587932923854 0.028900444927046465 0.029596390649984983 0.020700752860761895 0.0076454633992852905 0.027085068569704163
 0.790000 -0.0022676713478926303 -0.0013779236786878035 0.007495792416584379 -0.0027573703455399112 0.02042710516734303 0.05565013582972256 -0.049065172541048696 0.029788662637855623 0.03342525682630537 0.0203002296788668 0.006866722396580371 0.027952301304594585
 0.800000 -0.0023679025416925015 -0.0010946807327189556 0.007976946145458186 -0.0027422969148664933 0.021494530001533008 0.059719752479367116 -0.051474995143564684 0.030494596231335436 0.03791648222752997 0.020197192235173134 0.005942070560081447 0.02895719319485579
 0.810000 -0.0024703080464725247 -6.633954373859163E-4 0.008562916242816243 -0.002766832510240569 0.022632340480726043 0.06393907466480186 -0.05347365698096951 0.03085346392441579 0.042990190304251996 0.020478914684360916 0.004874175195936914 0.030089883324990296
 0.820000 -0.002562996328688172 -6.526323935943101E-5 0.00924070943300137 -0.0028234781660696484 0.023729950829093127 0.06805612364965441 -0.054776473911744006 0.03067823187313934 0.04847450910889961 0.021222181386917782 0.0036700302806593754 0.03134641344763622
 0.830000 -0.0026260995834075374 6.946316984999257E-4 0.009969874315565619 -0.002891808226586079 0.024636139473770413 0.07172520495413437 -0.05509558682302895 0.029779375317161794 0.05407655690754609 0.022485575537302793 0.0023368446474023585 0.03272193038560545
 0.840000 -0.002632820559309579 0.0015709024466299404 0.010673498374224266 -0.0029363947779454946 0.025164388348116518 0.07451690476915473 -0.05418933536128634 0.028001714520840437 0.05937116615194782 0.024300914726779865 8.768849019133995E-4 0.0341933707534281
 0.850000 -0.0025546574910908504 0.0024665228124103322 0.01123740303194154 -0.0029097192299936125 0.025116824158985196 0.07596707179283158 -0.051925594409368614 0.02527608370115786 0.06382887733659004 0.026662715694556027 -7.149109583224345E-4 0.03569308734972765
 0.860000 -0.0023709922503876157 0.003238463166239214 0.011525148157687681 -0.002762699508176425 0.024330261388584518 0.07567375688580569 -0.048342317394059364 0.02167157440015899 0.0669016089524348 0.02951461383787546 -0.002445013511533034 0.03708553027331618
 0.870000 -0.002080267793118651 0.0037297573472940826 0.011412353360753968 -0.002462610120209874 0.02273591006550646 0.07342793110342427 -0.04367950986346614 0.017421604816476588 0.0681632304480786 0.03273438251920879 -0.004304016486912587 0.038169772026094506
 0.880000 -0.0017068937369177917 0.003823096139521809 0.010832401399923697 -0.0020122556197250674 0.02040772761229448 0.06933064367984798 -0.03835872422354214 0.012895826068074712 0.06746383987916715 0.03612543521052203 -0.006244049691190412 0.03872758707302637
 0.890000 -0.0012981358449586367 0.0034904078939330674 0.009811455248474488 -0.0014586591498977342 0.017565988866195426 0.06382824424628097 -0.032903358582672126 0.008510975970388301 0.06502204802939104 0.039428533085072104 -0.008167967450276592 0.038609029163581
 0.900000 -9.100439184894782E-4 0.0028052739923083436 0.008467679830914676 -8.814823656839721E-4 0.014518629906064007 0.05761835988329267 -0.027820661999072627 0.004612431292878583 0.061385557697860804 0.04236387301051536 -0.009946974750221216 0.03780851800001983
 0.910000 -5.892419066064747E-4 0.0019067751620145401 0.0069687990448557 -3.645481827749819E-4 0.01156270816862559 0.05145014925454916 -0.023490409337398432 0.0013858801210950844 0.05725674691706217 0.044695664749838215 -0.011463218399455855 0.036475063526722806
 0.920000 -3.608915024413406E-4 9.402210122670951E-4 0.005473202570200897 3.208167549573204E-5 0.008900620900803347 0.0459189040522574 -0.02010747648850497 -0.0011563120975495167 0.053271171277117446 0.04628970123906129 -0.012649405823708548 0.03484545782157511
 0.930000 -2.279906757198802E-4 1.4161366838738587E-5 0.004091319284604822 2.835658776252359E-4 0.00661418391598545 0.04136327341211654 -0.01769673791957871 -0.0031213670306726726 0.04985134379791134 0.047132272240332895 -0.013498290593020101 0.03315118035106934
 0.940000 -1.7841565758436317E-4 -8.098055397223192E-4 0.002881780219833985 3.9506214427653674E-4 0.004692479019936968 0.037893087126406044 -0.01617672228596234 -0.004663129640064767 0.04719283506170768 0.047304014520705095 -0.01404355943674318 0.031560762632352635
 0.950000 -1.9314272871140403E-4 -0.0015064935685522585 0.0018681201954784399 3.899830355882372E-4 0.0030766987590027384 0.03548485930241441 -0.015428623654372586 -0.0059318134170069925 0.045338126117826505 0.046931326892263314 -0.014335419191866094 0.03017299856810496
 0.960000 -2.523068776736359E-4 -0.0020728629072941374 0.0010567900211491121 2.99298077518273E-4 0.0016933197544695133 0.03406615681160474 -0.015341349490938683 -0.007054431191647836 0.04425607262055564 0.046143316300913284 -0.014426723461212987 0.029034420812877215
 0.970000 -3.3887460345027876E-4 -0.002516710906341757 4.495209008368306E-4 1.539417147196076E-4 4.71195991666562E-4 0.03355731501301307 -0.01582861221450571 -0.008132276980873598 0.04388369472837894 0.04504703932445864 -0.01436812278545574 0.028155023699127923
 0.980000 -4.404813707203914E-4 -0.0028485625226828404 5.110007902453528E-5 -1.9709406314072364E-5 -6.502122956106859E-4 0.03388092051255853 -0.01682788403454083 -0.009242544264495223 0.04413551064709509 0.04371933124542693 -0.01420576854199851 0.027516589078686593
 0.990000 -5.500760387642245E-4 -0.0030767200920820414 -1.267166898204497E-4 -2.0200193260699884E-4 -0.001715808152905396 0.0349571937518931 -0.01829154647649034 -0.010439096872559617 0.04490057117214974 0.04220897202139895 -0.013979306287446036 0.027078389789494395
 1.000000 -6.660374419906745E-4 -0.0032057088407277945 -6.603112144742962E-5 -3.8098095374916596E-4 -0.0027511438353791107 0.036694574217335685 -0.02017612773630617 -0.011751768790361439 0.0460395543346408 0.04054411211649267 -0.013720808278300467 0.026783716270529112
 1.010000 -7.920731322537122E-4 -0.003237688810187933 2.511197595314041E-4 -5.528964320751228E-4 -0.0037599375448778005 0.03897875939196638 -0.02243201472185774 -0.013184664972115456 0.04738614835724775 0.038741847952337594 -0.01345509335373496 0.026567543526653026
 1.020000 -9.36632698988582E-4 -0.0031758310296758907 8.324637407595148E-4 -7.218458828051055E-4 -0.004723652050415694 0.04166367598111265 -0.02499492481169341 -0.014714654854557807 0.04875504798781094 0.03681798153377258 -0.013201040086940452 0.026364804435843325
 1.030000 -0.0011112721410997395 -0.0030283634690206895 0.0016640129464793318 -8.974463369062491E-4 -0.005604708477903841 0.04457008835765919 -0.027780886346135958 -0.016292260026844474 0.04995885822853552 0.0347953194824413 -0.01297317567569678 0.026118829221104534
 1.040000 -0.0013276894877627399 -0.0028116734361276485 0.0027023107945840508 -0.0010899539020750026 -0.0063546634465083685 0.04749737320219083 -0.03068702067255913 -0.017847401061359847 0.05083355722752003 0.03270876551823676 -0.012782837571265304 0.025789077917806935
 1.050000 -0.0015939705572929341 -0.0025507873610592924 0.003875392256386334 -0.0013039826745666616 -0.006926682910801674 0.05024924098711381 -0.03359971098043957 -0.019300924762660543 0.05126671789162174 0.030605573117156837 -0.01263839848915893 0.025356487287126583
 1.060000 -0.0019114295835311879 -0.002276398422093706 0.005094169492217304 -0.0015336741521689845 -0.007288744554294624 0.052666376564928896 -0.036409242334002556 -0.020579752097518167 0.05121827736874707 0.028540176331603107 -0.012544497878835159 0.024824596148619094
 1.070000 -0.002273524955398898 -0.002019353545585467 0.006270459669430295 -0.001762073927107366 -0.007432561900323265 0.05465343549184354 -0.039026687278976624 -0.021630846965223327 0.050724831583778496 0.026565136723320393 -0.01250079423745376 0.024215749078393856
 1.080000 -0.002667386697087437 -0.0018049653011438238 0.007334139455480226 -0.0019651851569086887 -0.007374928732971853 0.056189634477533446 -0.04139702205142726 -0.02242922454037455 0.04988568797318749 0.024721802693306927 -0.012501024820394946 0.023563621437006077
 1.090000 -0.0030771341669328933 -0.0016494673012856786 0.008243005964985173 -0.0021184730333771995 -0.007151965821908135 0.057320598864549765 -0.0435039552884291 -0.022978089453289385 0.048837302554829876 0.023034538169270036 -0.012532952046981904 0.022904743672825134
 1.100000 -0.0034874565793447942 -0.0015594977200921178 0.00898359220535383 -0.002202676820287408 -0.006809748073642652 0.05813783106691517 -0.04536590231549553 -0.023302749348459884 0.04772645347580351 0.02151035952977054 -0.012579369090758519 0.022271652092967997
 1.110000 -0.003886209112751615 -0.001533942143902678 0.009565520911074543 -0.002206936625197997 -0.00639523164531397 0.058755428502422546 -0.04702610021928422 -0.02344180807325813 0.04669016000369197 0.02014305094729707 -0.012620029134239985 0.021688976277800975
 1.120000 -0.004265603467024093 -0.0015667700177943722 0.01001344405228366 -0.002129064848322315 -0.005949857051263052 0.05929120096777751 -0.04854093598649456 -0.023438750574456435 0.04584511770158883 0.01891927332104615 -0.01263416590964539 0.02117226757673052
 1.130000 -0.0046221708408111795 -0.0016497479306472052 0.010359663600432611 -0.001973948250975077 -0.005506316512921217 0.05985473642164152 -0.049969413851471245 -0.023335508771054947 0.04528515782288878 0.017824385004928445 -0.012603136345120447 0.020728566232037338
 1.140000 -0.004956003318449476 -0.0017744277413171972 0.010638804026189774 -0.0017512568528674777 -0.005087807474438932 0.060541580331289424 -0.051364908174008406 -0.02316825013877377 0.045083555157305 0.016846789938199436 -0.012512702453420843 0.020357714002329885
 1.150000 -0.005269676806817003 -0.0019333329299624502 0.010884660705553273 -0.0014732891408266724 -0.004708765393326431 0.06143145845751974 -0.0527691331344613 -0.022964981126122552 0.045297301881205954 0.0159805993624218 -0.012354624274578896 0.020053841758908675
 1.160000 -0.0055671565132993095 -0.0021204892392683306 0.011128794095487393 -0.0011533351210317733 -0.004376205937235866 0.0625886442196304 -0.054207799842458826 -0.022744441736961107 0.0459714708660357 0.015226850762758204 -0.012127475209311456 0.019806888089988206
 1.170000 -0.005852809835706907 -0.0023315447006613255 0.011400261082876284 -8.045526672235681E-4 -0.00409110139499802 0.06406311943038645 -0.05568742009054972 -0.022515850610787425 0.047142657386970654 0.01459361869302711 -0.011836773152964497 0.019604257352057175
 1.180000 -0.006130571281904196 -0.002563671777410015 0.011725975675442868 -4.3919256132740614E-4 -0.0038494578991432604 0.06589161149929623 -0.05719278317485532 -0.022279151948197295 0.04884097438591084 0.014095321573847741 -0.011494571520699992 0.01943281450712675
 1.190000 -0.006403148218145915 -0.002815425588515552 0.012131203878318786 -6.787641609706796E-5 -0.003642965657814301 0.06809771542600629 -0.05868472978772843 -0.02202547323888382 0.05109021498051902 0.013751545059562886 -0.01111859177469654 0.01928138913535804
 1.200000 -0.006671178883669526 -0.003086595469583564 0.01263973273526986 3.013409109479115E-4 -0.003459221322945183 0.07069032313154366 -0.06009793757593229 -0.02173757570908208 0.05390576231087607 0.013585753521397237 -0.010730875499397996 0.019143863435147068
 1.210000 -0.006932156500678133 -0.0033780542877863695 0.013273238326778625 6.643571164807183E-4 -0.00328162818770128 0.0736594922934728 -0.061338622586873726 -0.021390179053128122 0.057289687748678375 0.013624332816164042 -0.010355858707068677 0.01902272992174403
 1.220000 -0.007178982515039678 -0.0036915016453065164 0.014049290220551569 0.0010229913282850805 -0.0030891729294220127 0.076968832283967 -0.06228239505600186 -0.020950206407203353 0.061222337207752275 0.013896425096163512 -0.010017763639612598 0.018932689248686074
 1.230000 -0.00739809831299354 -0.004028905191273857 0.0149773146486325 0.001387507244553443 -0.0028563802027798957 0.0805435495468032 -0.0627730545121068 -0.020377224892428103 0.06564966224736679 0.01443492329016749 -0.009737293795470947 0.018903365054029564
 1.240000 -0.00756734385611324 -0.004391344567702404 0.016051770523674236 0.0017793680073489027 -0.002553866599632082 0.08425369947919137 -0.06262391736812845 -0.01962466510112293 0.07046581472998525 0.015278703833416785 -0.009527821275362669 0.01897952342392273
 1.250000 -0.007654071338254909 -0.0047768844029381086 0.01724196479338147 0.002233362218019508 -0.0021500242882652176 0.08789331596108241 -0.06162433919438115 -0.01864276077278859 0.07549144698928956 0.016475580827062686 -0.009391601695782015 0.019216399754441227
 1.260000 -0.007614671952179464 -0.0051771135800526835 0.01847872535121553 0.002797365829730003 -0.001614379434224933 0.09115848851662633 -0.059555228108706615 -0.017384428437640764 0.08045024479588392 0.01808445104197176 -0.009317043318915808 0.019667241721890605
 1.270000 -0.0073974368191400686 -0.005572278486105198 0.019640145971472123 0.0035268481554964204 -9.229426980610356E-4 0.09363163187046553 -0.05621793021176558 -0.015815188441653305 0.08494990194785146 0.02017367398764236 -0.009278592738610314 0.020360849499866163
 1.280000 -0.006951203815129148 -0.005925765133488525 0.020542293919909582 0.004470329183097199 -6.525767356357903E-5 0.09478492783573245 -0.051479629905045954 -0.013927199817047153 0.08847877804730331 0.022811298032607397 -0.009241035712904022 0.02127009818764236
 1.290000 -0.006241589366487332 -0.00618032833206783 0.02094568633626892 0.005642814529809748 9.480540140760496E-4 0.09402111964635651 -0.04533353552564279 -0.011755115760863077 0.09043396143596283 0.02604249327372088 -0.009169298054047204 0.02227926134082736
 1.300000 -0.005273433546864936 -0.006260734106522392 0.020591635400709407 0.006989294901075027 0.00207908557468528 0.09076958240400756 -0.03796230656318755 -0.009388172125667893 0.09019633234461821 0.02985257385726925 -0.009042505785373578 0.023167252084476786
 1.310000 -0.004111746262086768 -0.00608881192535371 0.019277954402863173 0.008351844940143849 0.003259248137521098 0.08464314541951978 -0.029779826664203313 -0.0069707085694332704 0.08725897720867692 0.03412223496098932 -0.008867331574464288 0.023629896876627754
 1.320000 -0.002886214618250449 -0.005613762793323929 0.016963696507229287 0.009468949455373021 0.004389507797164072 0.07563219927230591 -0.02141612467234566 -0.004685094371076559 0.08139602008901647 0.03859409392318014 -0.00868254680713676 0.02335753745285274
 1.330000 -0.001763686453714719 -0.004849526460361631 0.013858038366603154 0.010040421629117446 0.005347488723060678 0.06427123989915628 -0.013615492160798937 -0.0027173866976895056 0.07283378610046043 0.04287923226795698 -0.008547754003018326 0.022158509089081235
 1.340000 -8.887440671827562E-4 -0.0038958487532809727 0.010420450515553625 0.009862581397879211 0.006011653086737567 0.05167720845318513 -0.007052445422925047 -0.001212770438549171 0.06235945067858495 0.04652667599140159 -0.00851725031267847 0.020081151497038263
 1.350000 -3.224347054660015E-4 -0.0029169494736507318 0.007220891350783631 0.008971983168546416 0.006313956933333031 0.039366129027911256 -0.002132317048051391 -2.301846489416448E-4 0.0512806094524052 0.04914808554822514 -0.008613149990907232 0.01745949397923141
 1.360000 -2.507645476468312E-5 -0.0020773431442773216 0.004704281558868928 0.007686497048851493 0.006309613856934959 0.028849627286675172 0.0011095269377427996 2.9374715852981126E-4 0.041167077379839156 0.05054367195920051 -0.008819527355626633 0.014823018006040911
 1.370000 1.0142620044994999E-4 -0.001473750068351265 0.0030094957894046814 0.006484741533263616 0.006214917048964708 0.021182368180959088 0.002932096232543202 5.572226712970973E-4 0.03342051360755249 0.05075153933000465 -0.009104876807640494 0.012689604548086209
 1.380000 1.5115250018338244E-4 -0.0011109367065262887 0.001977333109961066 0.0058046940466987 0.006365581519887087 0.01673039880807181 0.003681983209545159 8.696182320591106E-4 0.02888863949888787 0.04998041131453235 -0.00944866950476353 0.01136094617800154
 1.390000 1.82869811227393E-4 -9.305399384000879E-4 0.001322292146186399 0.005915007276751538 0.007114663405957344 0.015293051075342845 0.0035949010512208446 0.0015985946322203404 0.027761876275377517 0.04846685294836206 -0.009842377257200496 0.010850200858385506
